0, 27918000
0, 27790000
0, 27784000
0, 29631000
0, 27923000
0, 27787000
0, 27788000
0, 27790000
0, 27797000
0, 27803000
1, 28362000
1, 27885000
1, 28185000
1, 27722000
1, 27671000
1, 27744000
1, 27746000
1, 27710000
1, 28248000
1, 28080000
2, 27748000
2, 27716000
2, 28487000
2, 27717000
2, 29172000
2, 27753000
2, 27758000
2, 27752000
2, 27768000
2, 27746000
3, 28711000
3, 27943000
3, 27876000
3, 27835000
3, 27845000
3, 27828000
3, 27832000
3, 27943000
3, 27834000
3, 28707000
4, 27677000
4, 27862000
4, 27681000
4, 27701000
4, 27720000
4, 27799000
4, 27797000
4, 27878000
4, 27739000
4, 27746000
5, 31028000
5, 27800000
5, 27751000
5, 27731000
5, 27801000
5, 27777000
5, 27758000
5, 27756000
5, 27922000
5, 28029000
6, 27917000
6, 31837000
6, 27772000
6, 27764000
6, 27851000
6, 27758000
6, 29223000
6, 27844000
6, 28090000
6, 27774000
7, 27792000
7, 27733000
7, 27836000
7, 27742000
7, 27795000
7, 27811000
7, 27704000
7, 27823000
7, 27711000
7, 27715000
8, 27724000
8, 27907000
8, 27869000
8, 31315000
8, 27757000
8, 27747000
8, 27780000
8, 28022000
8, 27931000
8, 27815000
9, 31451000
9, 27695000
9, 27730000
9, 27786000
9, 27702000
9, 29674000
9, 28159000
9, 28292000
9, 32441000
9, 27841000
10, 30471000
10, 27837000
10, 29105000
10, 27770000
10, 28221000
10, 27793000
10, 27825000
10, 27785000
10, 27806000
10, 27823000
11, 27866000
11, 27827000
11, 27930000
11, 27833000
11, 27846000
11, 27816000
11, 27836000
11, 28642000
11, 27773000
11, 30746000
12, 27677000
12, 27692000
12, 27693000
12, 27712000
12, 27809000
12, 28137000
12, 27770000
12, 27755000
12, 27791000
12, 27823000
13, 28449000
13, 27852000
13, 29505000
13, 27771000
13, 27757000
13, 27766000
13, 27784000
13, 29055000
13, 28068000
13, 27772000
14, 27764000
14, 27773000
14, 27767000
14, 27795000
14, 28133000
14, 27758000
14, 27816000
14, 27834000
14, 27876000
14, 27881000
15, 27770000
15, 27775000
15, 27764000
15, 27847000
15, 27774000
15, 27873000
15, 27771000
15, 27760000
15, 27809000
15, 27761000
16, 30524000
16, 28786000
16, 28240000
16, 28002000
16, 27785000
16, 28688000
16, 29132000
16, 28684000
16, 28355000
16, 27716000
17, 27731000
17, 28539000
17, 27777000
17, 28013000
17, 27879000
17, 27787000
17, 27787000
17, 27781000
17, 27827000
17, 27807000
18, 27836000
18, 30123000
18, 28183000
18, 27780000
18, 27808000
18, 27893000
18, 28377000
18, 28349000
18, 28667000
18, 27715000
19, 28691000
19, 27853000
19, 27840000
19, 27795000
19, 27851000
19, 31716000
19, 27861000
19, 27869000
19, 27833000
19, 29671000
20, 27888000
20, 27920000
20, 28814000
20, 31179000
20, 28086000
20, 27846000
20, 27675000
20, 27703000
20, 27944000
20, 29262000
21, 27717000
21, 27784000
21, 27758000
21, 27711000
21, 33435000
21, 27810000
21, 27971000
21, 27709000
21, 27700000
21, 28225000
22, 27758000
22, 27819000
22, 27796000
22, 28542000
22, 28051000
22, 27747000
22, 27786000
22, 27990000
22, 27751000
22, 27748000
23, 28194000
23, 30495000
23, 27924000
23, 27890000
23, 31449000
23, 27935000
23, 28029000
23, 29514000
23, 28324000
23, 27715000
24, 27783000
24, 27723000
24, 27752000
24, 27717000
24, 29049000
24, 28242000
24, 27755000
24, 27802000
24, 27837000
24, 30956000
25, 27870000
25, 27782000
25, 27791000
25, 27748000
25, 27819000
25, 27951000
25, 27940000
25, 28060000
25, 27765000
25, 27781000
26, 27765000
26, 27719000
26, 27837000
26, 27847000
26, 27885000
26, 27779000
26, 28040000
26, 27986000
26, 27922000
26, 28279000
27, 27964000
27, 27955000
27, 28899000
27, 27985000
27, 28027000
27, 32476000
27, 27876000
27, 27781000
27, 27704000
27, 28315000
28, 31542000
28, 28061000
28, 27999000
28, 27748000
28, 27771000
28, 27716000
28, 27755000
28, 27739000
28, 27765000
28, 27732000
29, 27694000
29, 27789000
29, 27719000
29, 27899000
29, 27944000
29, 28045000
29, 27710000
29, 27731000
29, 27826000
29, 27868000
30, 27783000
30, 27696000
30, 27745000
30, 27700000
30, 30300000
30, 27679000
30, 27803000
30, 28581000
30, 33625000
30, 28592000
31, 27807000
31, 27850000
31, 28025000
31, 27795000
31, 27778000
31, 27947000
31, 27841000
31, 27778000
31, 27831000
31, 27781000
32, 27790000
32, 27802000
32, 28395000
32, 27775000
32, 27718000
32, 27734000
32, 27755000
32, 27720000
32, 27748000
32, 27749000
33, 27904000
33, 27771000
33, 27819000
33, 28401000
33, 31358000
33, 27765000
33, 27866000
33, 28423000
33, 27681000
33, 27698000
34, 27737000
34, 27668000
34, 27679000
34, 28456000
34, 27889000
34, 27906000
34, 28063000
34, 31281000
34, 27741000
34, 27739000
35, 27774000
35, 30884000
35, 27760000
35, 28112000
35, 27800000
35, 27745000
35, 27693000
35, 27776000
35, 27762000
35, 27725000
36, 27754000
36, 27820000
36, 27748000
36, 27817000
36, 27774000
36, 27823000
36, 27950000
36, 27767000
36, 27848000
36, 28033000
37, 27839000
37, 27804000
37, 28000000
37, 27822000
37, 27799000
37, 27849000
37, 27847000
37, 27811000
37, 28095000
37, 29422000
38, 27717000
38, 27770000
38, 27703000
38, 31706000
38, 27752000
38, 31522000
38, 28975000
38, 27837000
38, 27994000
38, 27856000
39, 27799000
39, 27759000
39, 27716000
39, 27790000
39, 31875000
39, 27675000
39, 27717000
39, 27738000
39, 27753000
39, 27756000
40, 27768000
40, 27790000
40, 27977000
40, 27755000
40, 28107000
40, 27793000
40, 27746000
40, 28056000
40, 28026000
40, 27805000
41, 27707000
41, 27712000
41, 27761000
41, 31320000
41, 28340000
41, 27764000
41, 27882000
41, 27802000
41, 31585000
41, 28058000
42, 27748000
42, 29006000
42, 27952000
42, 27736000
42, 27860000
42, 27869000
42, 28101000
42, 27887000
42, 27745000
42, 27789000
43, 27744000
43, 27782000
43, 27761000
43, 27805000
43, 27741000
43, 28020000
43, 27755000
43, 27908000
43, 27758000
43, 27887000
44, 27789000
44, 27781000
44, 27804000
44, 27774000
44, 29677000
44, 29600000
44, 28473000
44, 27703000
44, 27750000
44, 28350000
45, 30126000
45, 28030000
45, 27693000
45, 28430000
45, 27840000
45, 27848000
45, 27835000
45, 27987000
45, 28061000
45, 27839000
46, 27846000
46, 27834000
46, 27833000
46, 29642000
46, 28306000
46, 27670000
46, 27742000
46, 28033000
46, 27801000
46, 27753000
47, 27751000
47, 27724000
47, 28012000
47, 28325000
47, 27753000
47, 27901000
47, 27755000
47, 27775000
47, 27774000
47, 27788000
48, 27796000
48, 27839000
48, 28244000
48, 27782000
48, 27762000
48, 28044000
48, 28690000
48, 27717000
48, 27756000
48, 30764000
49, 27718000
49, 28186000
49, 28016000
49, 29088000
49, 27922000
49, 27828000
49, 28000000
49, 27742000
49, 27794000
49, 27806000
50, 27836000
50, 28090000
50, 27786000
50, 27794000
50, 27758000
50, 27715000
50, 27736000
50, 27738000
50, 27762000
50, 27859000
51, 27783000
51, 27755000
51, 27887000
51, 27760000
51, 27789000
51, 28188000
51, 27772000
51, 27729000
51, 27960000
51, 27718000
52, 27898000
52, 29253000
52, 28656000
52, 27733000
52, 28031000
52, 28528000
52, 31688000
52, 27823000
52, 29054000
52, 27963000
53, 27735000
53, 27701000
53, 27973000
53, 29945000
53, 28006000
53, 27789000
53, 27867000
53, 27747000
53, 27758000
53, 28173000
54, 27930000
54, 27781000
54, 28199000
54, 27850000
54, 27822000
54, 27757000
54, 27815000
54, 27784000
54, 28212000
54, 28009000
55, 27838000
55, 27798000
55, 27714000
55, 27795000
55, 28210000
55, 27781000
55, 27748000
55, 28759000
55, 29398000
55, 30356000
56, 33727000
56, 29999000
56, 29673000
56, 29519000
56, 31213000
56, 28123000
56, 29049000
56, 28016000
56, 27819000
56, 28103000
57, 27804000
57, 27859000
57, 27819000
57, 27785000
57, 27788000
57, 28567000
57, 27692000
57, 28474000
57, 28265000
57, 27786000
58, 27727000
58, 27752000
58, 27817000
58, 27790000
58, 31099000
58, 27719000
58, 27853000
58, 27749000
58, 27881000
58, 32066000
59, 27791000
59, 27879000
59, 29149000
59, 29609000
59, 29461000
59, 33041000
59, 28151000
59, 28437000
59, 27996000
59, 29384000
60, 27899000
60, 27762000
60, 28202000
60, 27862000
60, 27753000
60, 27793000
60, 27713000
60, 27907000
60, 27783000
60, 30076000
61, 27783000
61, 28334000
61, 27709000
61, 27747000
61, 28275000
61, 27834000
61, 27735000
61, 27715000
61, 27746000
61, 31923000
62, 27738000
62, 27757000
62, 27750000
62, 27831000
62, 27746000
62, 27800000
62, 27831000
62, 28836000
62, 28881000
62, 27961000
63, 27915000
63, 30457000
63, 30497000
63, 28129000
63, 33055000
63, 28141000
63, 27773000
63, 27775000
63, 30113000
63, 27713000
64, 27746000
64, 27695000
64, 27777000
64, 27954000
64, 28815000
64, 27719000
64, 27715000
64, 28072000
64, 27780000
64, 30984000
65, 28016000
65, 28239000
65, 27787000
65, 27710000
65, 27754000
65, 27862000
65, 27773000
65, 27720000
65, 27811000
65, 27792000
66, 27886000
66, 27762000
66, 28333000
66, 29639000
66, 27759000
66, 27936000
66, 27703000
66, 27707000
66, 29605000
66, 29444000
67, 32433000
67, 27742000
67, 27825000
67, 27758000
67, 28140000
67, 27979000
67, 27843000
67, 27788000
67, 27752000
67, 27758000
68, 28044000
68, 27945000
68, 27803000
68, 27874000
68, 27797000
68, 27817000
68, 27760000
68, 27789000
68, 27940000
68, 27927000
69, 32200000
69, 27840000
69, 27773000
69, 27743000
69, 27808000
69, 27782000
69, 27743000
69, 28542000
69, 27960000
69, 28840000
70, 27817000
70, 28057000
70, 27748000
70, 30775000
70, 28933000
70, 28027000
70, 27806000
70, 27979000
70, 27813000
70, 27996000
71, 27782000
71, 27746000
71, 27721000
71, 27763000
71, 27704000
71, 27714000
71, 27818000
71, 27716000
71, 27801000
71, 27765000
72, 27919000
72, 27802000
72, 27750000
72, 27784000
72, 27760000
72, 27785000
72, 27999000
72, 33134000
72, 28969000
72, 28356000
73, 32182000
73, 27675000
73, 28852000
73, 29484000
73, 28659000
73, 28233000
73, 28198000
73, 27684000
73, 27715000
73, 29736000
74, 27805000
74, 27916000
74, 27841000
74, 27867000
74, 27840000
74, 27845000
74, 29664000
74, 30286000
74, 29203000
74, 27691000
75, 30277000
75, 27695000
75, 27822000
75, 27768000
75, 27824000
75, 28007000
75, 29048000
75, 31761000
75, 27715000
75, 27752000
76, 27760000
76, 27797000
76, 27816000
76, 28258000
76, 27937000
76, 27731000
76, 27941000
76, 27765000
76, 28450000
76, 27806000
77, 27882000
77, 28046000
77, 27765000
77, 27827000
77, 29462000
77, 28970000
77, 27906000
77, 27964000
77, 28175000
77, 27756000
78, 27740000
78, 28140000
78, 28166000
78, 27868000
78, 27774000
78, 27790000
78, 27906000
78, 27755000
78, 27846000
78, 27830000
79, 27798000
79, 27914000
79, 27988000
79, 27770000
79, 27754000
79, 27763000
79, 27772000
79, 27787000
79, 28010000
79, 28020000
80, 27787000
80, 28059000
80, 27947000
80, 27721000
80, 29319000
80, 27948000
80, 28555000
80, 27912000
80, 27795000
80, 27777000
81, 27790000
81, 27946000
81, 27841000
81, 27790000
81, 28135000
81, 27676000
81, 27958000
81, 28423000
81, 27783000
81, 28546000
82, 27963000
82, 28127000
82, 28266000
82, 27681000
82, 27762000
82, 27940000
82, 27754000
82, 27838000
82, 27832000
82, 27781000
83, 27746000
83, 27747000
83, 30736000
83, 27811000
83, 27784000
83, 27755000
83, 27828000
83, 27752000
83, 27873000
83, 28440000
84, 27848000
84, 27717000
84, 28097000
84, 28332000
84, 28127000
84, 27877000
84, 31950000
84, 29722000
84, 29587000
84, 27844000
85, 27878000
85, 27860000
85, 27757000
85, 28263000
85, 27964000
85, 27774000
85, 27742000
85, 27788000
85, 28076000
85, 27776000
86, 27724000
86, 27722000
86, 27885000
86, 31625000
86, 27701000
86, 27774000
86, 27727000
86, 27712000
86, 27715000
86, 27909000
87, 31572000
87, 27753000
87, 27758000
87, 27742000
87, 27785000
87, 29238000
87, 28167000
87, 27821000
87, 27944000
87, 28798000
88, 28163000
88, 31304000
88, 29023000
88, 28620000
88, 27763000
88, 27775000
88, 27756000
88, 27831000
88, 27754000
88, 27814000
89, 27803000
89, 27763000
89, 27829000
89, 27790000
89, 27771000
89, 27984000
89, 28021000
89, 27737000
89, 27886000
89, 27870000
90, 27704000
90, 27777000
90, 27957000
90, 27777000
90, 27767000
90, 27826000
90, 27749000
90, 27809000
90, 27752000
90, 27793000
91, 28026000
91, 28778000
91, 29903000
91, 27839000
91, 28216000
91, 27861000
91, 27817000
91, 32066000
91, 29083000
91, 28326000
92, 27820000
92, 27779000
92, 27777000
92, 27778000
92, 27788000
92, 27809000
92, 27776000
92, 27790000
92, 27784000
92, 27771000
93, 27768000
93, 27828000
93, 27819000
93, 29074000
93, 27800000
93, 28003000
93, 27722000
93, 27740000
93, 27777000
93, 27767000
94, 27779000
94, 28248000
94, 27723000
94, 27802000
94, 27698000
94, 27772000
94, 29182000
94, 27777000
94, 31929000
94, 27795000
95, 27701000
95, 27701000
95, 30023000
95, 32177000
95, 27782000
95, 27710000
95, 28395000
95, 27882000
95, 27700000
95, 27792000
96, 28188000
96, 27932000
96, 27714000
96, 27782000
96, 27734000
96, 27694000
96, 27752000
96, 27793000
96, 27793000
96, 27798000
97, 27821000
97, 28559000
97, 27851000
97, 27698000
97, 27839000
97, 27883000
97, 31746000
97, 27729000
97, 27761000
97, 27773000
98, 27746000
98, 28150000
98, 28027000
98, 31146000
98, 27833000
98, 28230000
98, 31854000
98, 27666000
98, 29395000
98, 28870000
99, 27891000
99, 27825000
99, 27770000
99, 27792000
99, 27834000
99, 27749000
99, 33208000
99, 29912000
99, 27706000
99, 28719000
100, 27963000
100, 27828000
100, 27780000
100, 27803000
100, 27804000
100, 27740000
100, 27791000
100, 28700000
100, 28301000
100, 27814000
