0, 22727200
0, 22318800
0, 22366600
0, 22315700
0, 22246500
0, 22257600
0, 22281300
0, 22328500
0, 22241200
0, 22265400
1, 22764500
1, 22402300
1, 22364600
1, 22295300
1, 22295700
1, 22232700
1, 22318100
1, 22232700
1, 22371400
1, 22611800
2, 24249400
2, 22386700
2, 22575200
2, 22283100
2, 22241900
2, 22277900
2, 22229000
2, 22227700
2, 22230800
2, 22253000
3, 22270000
3, 22203700
3, 22441700
3, 22345700
3, 22250800
3, 22240900
3, 22314500
3, 22240700
3, 22230200
3, 22225900
4, 22275600
4, 22391200
4, 22293200
4, 22311700
4, 22353200
4, 22397800
4, 25482700
4, 22200300
4, 22232200
4, 22231700
5, 22786200
5, 22411800
5, 22319300
5, 22325900
5, 22254500
5, 22357400
5, 26122500
5, 22238700
5, 22226000
5, 22246200
6, 22718400
6, 22453600
6, 25065400
6, 22460000
6, 22262000
6, 22236900
6, 22228700
6, 22489800
6, 22233200
6, 22273400
7, 22568600
7, 22340200
7, 22421000
7, 22285700
7, 25123600
7, 22231900
7, 22348300
7, 26316600
7, 22220900
7, 22234600
8, 22817000
8, 22437300
8, 22409100
8, 22287400
8, 22235300
8, 22255200
8, 23132800
8, 22371700
8, 22362100
8, 22370600
9, 22856000
9, 22325100
9, 22301800
9, 22261500
9, 22267500
9, 22266000
9, 22276700
9, 22243600
9, 22250200
9, 22243500
10, 22728400
10, 22369100
10, 22305300
10, 22403600
10, 22279000
10, 22272700
10, 22231600
10, 22417700
10, 22348900
10, 22235100
11, 22785300
11, 22444400
11, 22356300
11, 22277500
11, 22247200
11, 22242500
11, 22257500
11, 22241200
11, 24573400
11, 22235500
12, 23443000
12, 23096700
12, 22779900
12, 22705900
12, 22464600
12, 22453500
12, 22566900
12, 22605300
12, 22501700
12, 22623300
13, 22714100
13, 22912300
13, 22975600
13, 22289200
13, 22154600
13, 22193800
13, 22165200
13, 22165900
13, 22162600
13, 22218800
14, 22212400
14, 22176300
14, 22177000
14, 22165000
14, 22175400
14, 22165200
14, 22156500
14, 22158400
14, 22157800
14, 22659500
15, 22912900
15, 25230900
15, 22263800
15, 22370800
15, 22234200
15, 22266400
15, 22396700
15, 22324800
15, 22251300
15, 22233400
16, 22684700
16, 22594000
16, 22347300
16, 22390100
16, 22277900
16, 22448700
16, 22325100
16, 22234300
16, 22359700
16, 22249600
17, 22286500
17, 22240600
17, 22314200
17, 22232200
17, 22286000
17, 22231800
17, 22331800
17, 22256800
17, 22213200
17, 22242100
18, 22280100
18, 22231100
18, 22233300
18, 22230600
18, 22236600
18, 22266400
18, 22252100
18, 26157400
18, 25899500
18, 22255700
19, 22630200
19, 22357500
19, 25981700
19, 22309000
19, 22287000
19, 22223300
19, 22516600
19, 22463500
19, 22260400
19, 22242400
20, 22787300
20, 22637900
20, 22494900
20, 22247000
20, 22228000
20, 22296400
20, 22906500
20, 22169700
20, 22159600
20, 22481000
21, 22568100
21, 22286400
21, 22222200
21, 22241100
21, 22231600
21, 22229500
21, 22228200
21, 22314700
21, 22258500
21, 22263500
22, 22673400
22, 22354800
22, 22307000
22, 22282000
22, 24158800
22, 22706300
22, 22705700
22, 22587500
22, 22320900
22, 22266700
23, 22717800
23, 22265300
23, 22394600
23, 22285300
23, 22232500
23, 23154800
23, 22143100
23, 22208300
23, 22136500
23, 22148900
24, 22187800
24, 22136000
24, 22135300
24, 22135500
24, 22140700
24, 23140300
24, 22254900
24, 22187400
24, 22230600
24, 22237400
25, 22277500
25, 22231000
25, 22230800
25, 22257000
25, 22299400
25, 24977100
25, 22223500
25, 22241700
25, 22242100
25, 22234800
26, 22267500
26, 22243100
26, 22245000
26, 22317700
26, 22279100
26, 22238100
26, 22238700
26, 22229200
26, 22249200
26, 22226800
27, 22265700
27, 22237900
27, 23299000
27, 22264600
27, 22154800
27, 22142100
27, 22147100
27, 22184700
27, 22144700
27, 22141600
28, 22179000
28, 22166200
28, 22853900
28, 22233800
28, 22183100
28, 22222000
28, 22232600
28, 22255500
28, 22238600
28, 22262000
29, 22634700
29, 22411300
29, 22319900
29, 22263900
29, 22246400
29, 22237800
29, 22232800
29, 22237500
29, 22225200
29, 22476000
30, 22966500
30, 22287300
30, 22298500
30, 22282500
30, 22261800
30, 22233200
30, 22232200
30, 22247300
30, 22928300
30, 22523200
31, 22552200
31, 22298300
31, 22481200
31, 22566500
31, 22661700
31, 22496000
31, 22276800
31, 22271300
31, 22289700
31, 22237200
32, 22271400
32, 22287700
32, 22241700
32, 22305500
32, 22238100
32, 22238800
32, 22240000
32, 22302300
32, 22219300
32, 22229000
33, 22270500
33, 22248300
33, 22239100
33, 22240400
33, 22249300
33, 22228000
33, 22280200
33, 22252400
33, 22271100
33, 22301200
34, 22986400
34, 22382600
34, 22291700
34, 22338900
34, 22368200
34, 22289900
34, 22251600
34, 22237600
34, 22237000
34, 22260000
35, 22812200
35, 22351600
35, 22396800
35, 23039900
35, 22487900
35, 22372100
35, 22390000
35, 22254300
35, 22241800
35, 22245000
36, 22825800
36, 22332100
36, 22359200
36, 22320400
36, 22233900
36, 22321900
36, 24768500
36, 22296800
36, 22300500
36, 22251400
37, 22923400
37, 22423300
37, 22433800
37, 22264500
37, 22229500
37, 22512600
37, 22456400
37, 22248600
37, 22241300
37, 22258700
38, 22545200
38, 22346600
38, 22299600
38, 22302000
38, 22236000
38, 22378800
38, 24965900
38, 23898500
38, 22473300
38, 22634900
39, 22649500
39, 22501000
39, 22438300
39, 22470700
39, 22578300
39, 22576400
39, 22441000
39, 22638500
39, 23000500
39, 22943300
40, 22394400
40, 22307400
40, 22177300
40, 22199400
40, 22260600
40, 22233000
40, 22239600
40, 22306200
40, 22235400
40, 22239700
41, 22274000
41, 22263500
41, 22227600
41, 22239800
41, 22248100
41, 22241100
41, 22232200
41, 22263300
41, 22238500
41, 22232700
42, 22269600
42, 22239500
42, 22229300
42, 22229800
42, 22230400
42, 22292800
42, 22277000
42, 22240200
42, 22232800
42, 22231000
43, 22270000
43, 22325500
43, 22283300
43, 22241500
43, 22371200
43, 22372600
43, 22262300
43, 22244000
43, 22225400
43, 22237500
44, 22268600
44, 22282500
44, 22242400
44, 22275800
44, 22230500
44, 22300300
44, 22230200
44, 22223700
44, 22239100
44, 22233100
45, 22264400
45, 22938100
45, 22994800
45, 22299200
45, 22241400
45, 22256700
45, 22244700
45, 22228900
45, 22231100
45, 22344200
46, 22825600
46, 22344200
46, 22285100
46, 22280600
46, 22411100
46, 24998500
46, 22267400
46, 22269700
46, 22261200
46, 22274600
47, 22738500
47, 22337000
47, 22356800
47, 26031200
47, 22222400
47, 24466000
47, 22367000
47, 22458300
47, 22278100
47, 24570600
48, 22807600
48, 22393100
48, 25820200
48, 22273500
48, 22243100
48, 22919800
48, 22388500
48, 22360500
48, 22389500
48, 22283600
49, 22664800
49, 22301500
49, 22315100
49, 22292700
49, 22252600
49, 22247200
49, 22315800
49, 22226400
49, 22233700
49, 25975900
50, 22575800
50, 25898500
50, 22641900
50, 26314700
50, 22311700
50, 22287200
50, 22259200
50, 22249000
50, 22383000
50, 22262800
51, 22547200
51, 22386500
51, 22376300
51, 22272000
51, 22316400
51, 22243300
51, 22236800
51, 22274500
51, 22233600
51, 22229800
52, 22330400
52, 22250000
52, 22324700
52, 22235900
52, 22231300
52, 22237500
52, 22253000
52, 22257600
52, 22231800
52, 22289200
53, 22259600
53, 22394600
53, 22243600
53, 22235000
53, 22322300
53, 22236300
53, 22243100
53, 22237800
53, 22227100
53, 22230000
54, 22389600
54, 22328100
54, 22369100
54, 22292400
54, 22237500
54, 22234700
54, 22236500
54, 22260000
54, 22243300
54, 22349600
55, 22848300
55, 22309000
55, 22292000
55, 22266700
55, 22250500
55, 22232700
55, 22659400
55, 22263800
55, 22311100
55, 22242500
56, 22729500
56, 22399900
56, 22406800
56, 22411100
56, 25894000
56, 22444900
56, 22273500
56, 22288500
56, 24542100
56, 22212100
57, 22791600
57, 22340800
57, 22341900
57, 22297500
57, 22991400
57, 22412700
57, 22389700
57, 22312500
57, 22350400
57, 22242100
58, 23737700
58, 23703100
58, 22964100
58, 22496100
58, 22340300
58, 22332400
58, 22257000
58, 22482300
58, 22296900
58, 22257500
59, 22481000
59, 22295300
59, 22243700
59, 22243400
59, 22233400
59, 22243100
59, 22323700
59, 25848600
59, 22229100
59, 22239100
60, 22264100
60, 22257800
60, 22324800
60, 22336000
60, 22252200
60, 22407900
60, 22545900
60, 22257600
60, 22237800
60, 22362800
61, 23163700
61, 22308800
61, 22336100
61, 22276100
61, 22243300
61, 22222900
61, 22330300
61, 22353600
61, 22270600
61, 22412100
62, 22518700
62, 22243000
62, 22237000
62, 22242200
62, 22266100
62, 22227700
62, 22230300
62, 22393000
62, 22326900
62, 22310800
63, 26016200
63, 22397800
63, 22294200
63, 22362800
63, 22233600
63, 22239400
63, 22240400
63, 22290500
63, 22274000
63, 22290800
64, 22744300
64, 22373100
64, 22398400
64, 22277300
64, 22322200
64, 22245600
64, 22302400
64, 22240200
64, 22254400
64, 22257100
65, 22547500
65, 22340200
65, 22302900
65, 22292100
65, 22467100
65, 22900700
65, 23034400
65, 23577700
65, 23120400
65, 23226000
66, 23861600
66, 23756100
66, 22990300
66, 23875400
66, 22877100
66, 23114800
66, 22510200
66, 22597800
66, 22576500
66, 22475700
67, 22680300
67, 22580700
67, 22554800
67, 23391100
67, 22311200
67, 22303900
67, 22229300
67, 22548200
67, 22254500
67, 22168000
68, 22491000
68, 22172500
68, 23022800
68, 22165500
68, 22176000
68, 22235200
68, 22231300
68, 22268200
68, 22240800
68, 24936100
69, 23150500
69, 22275200
69, 22318200
69, 22323700
69, 22394500
69, 22258200
69, 22332100
69, 22244000
69, 22424000
69, 22357500
70, 22885600
70, 22519200
70, 22358300
70, 22328300
70, 22275500
70, 22270200
70, 22267100
70, 22268900
70, 23378300
70, 22260700
71, 22284000
71, 22258800
71, 22241700
71, 22239900
71, 22259700
71, 22239500
71, 22307600
71, 22314300
71, 22244000
71, 22240100
72, 22262900
72, 22247700
72, 22234900
72, 22227200
72, 22251500
72, 22234300
72, 22237600
72, 22252100
72, 22238800
72, 22295300
73, 22712500
73, 22373600
73, 22330700
73, 22288800
73, 22247400
73, 22307500
73, 22259200
73, 22248700
73, 22485100
73, 22236900
74, 22563500
74, 22413700
74, 26981800
74, 22563400
74, 22266200
74, 22236500
74, 22233100
74, 22238800
74, 22232200
74, 22235900
75, 22529200
75, 22311500
75, 22410900
75, 22357500
75, 22235100
75, 22229200
75, 22254700
75, 22221800
75, 22270700
75, 22240400
76, 22285900
76, 22232500
76, 22391300
76, 22408700
76, 22259800
76, 22248700
76, 22236900
76, 22291200
76, 22232600
76, 22249100
77, 22775900
77, 22419600
77, 22300300
77, 22283500
77, 22307100
77, 24138000
77, 22464600
77, 22470400
77, 22274100
77, 22335600
78, 22302700
78, 22239800
78, 22238600
78, 22234600
78, 22234000
78, 22238900
78, 22243800
78, 22269900
78, 22248400
78, 22236700
79, 22269200
79, 22254100
79, 22228900
79, 22229900
79, 22237900
79, 22226200
79, 22242200
79, 23185200
79, 22436300
79, 22457500
80, 22650900
80, 22358600
80, 22319400
80, 22287400
80, 22289800
80, 22260400
80, 22256200
80, 22283000
80, 22301600
80, 22260100
81, 22822000
81, 22337800
81, 22374600
81, 22343800
81, 22242800
81, 22300800
81, 22274500
81, 22234200
81, 22252000
81, 22238700
82, 22678000
82, 22361500
82, 22389400
82, 22303300
82, 22293600
82, 22238100
82, 22262100
82, 22238300
82, 22311900
82, 22593800
83, 23002600
83, 22612600
83, 22586500
83, 22482700
83, 22227600
83, 22327400
83, 22296800
83, 22240700
83, 22236300
83, 22231600
84, 22598500
84, 22289300
84, 22307200
84, 22291000
84, 22246200
84, 22246500
84, 22231500
84, 22226700
84, 22260500
84, 22230800
85, 22270900
85, 22280300
85, 22402500
85, 22387700
85, 22324000
85, 22272700
85, 22239300
85, 22224200
85, 22248200
85, 22421200
86, 22721200
86, 22317900
86, 22308300
86, 22283000
86, 22240000
86, 25900000
86, 22269700
86, 22288000
86, 22140400
86, 22303500
87, 22899200
87, 22409400
87, 22320900
87, 22281300
87, 22242400
87, 22269100
87, 22485800
87, 22332300
87, 22282800
87, 22371400
88, 22826500
88, 22361800
88, 22320300
88, 22268100
88, 22230000
88, 23289800
88, 22431200
88, 22376800
88, 22312000
88, 22326000
89, 22944700
89, 22349900
89, 25024100
89, 22321600
89, 22260300
89, 22330800
89, 22243000
89, 26024500
89, 22309400
89, 22273300
90, 22549300
90, 22315500
90, 22315100
90, 22337400
90, 22344600
90, 22281200
90, 22240500
90, 22229900
90, 22237100
90, 22303300
91, 22681000
91, 22541400
91, 22384800
91, 22462200
91, 22256900
91, 22334000
91, 22399700
91, 22255600
91, 22253400
91, 22243100
92, 26982100
92, 22770200
92, 22326800
92, 22302400
92, 22187700
92, 22199200
92, 22185300
92, 22185200
92, 22159500
92, 23020800
93, 22669000
93, 22233600
93, 22199400
93, 22230400
93, 22237800
93, 22230900
93, 22408300
93, 22472000
93, 22293800
93, 22237500
94, 22351900
94, 22273400
94, 22297100
94, 22245100
94, 22262300
94, 22237600
94, 22242400
94, 25878300
94, 22210000
94, 22300500
95, 22264200
95, 22223400
95, 22235600
95, 22239100
95, 25822300
95, 22232000
95, 22240300
95, 22140400
95, 22378600
95, 22237100
96, 22727600
96, 22323900
96, 22312300
96, 22341400
96, 22293000
96, 26064100
96, 22378000
96, 22364200
96, 22250300
96, 22288900
97, 22788600
97, 22288600
97, 22371000
97, 22262200
97, 22891200
97, 22534700
97, 22364600
97, 22323900
97, 22312300
97, 22321600
98, 23059900
98, 22531800
98, 22668700
98, 22456100
98, 22294200
98, 22256000
98, 22256700
98, 22250800
98, 22228800
98, 22244000
99, 22276700
99, 22258800
99, 22242400
99, 22247000
99, 22236400
99, 22230300
99, 22242700
99, 22244400
99, 22238400
99, 22228100
100, 23121300
100, 22200300
100, 23474300
100, 22319500
100, 22240500
100, 22255900
100, 22234100
100, 22261500
100, 22245100
100, 22419300
