0, 21915100
0, 21904100
0, 21904500
0, 22582100
0, 24640800
0, 21814300
0, 21812800
0, 21827700
0, 21912500
0, 26753400
1, 21849400
1, 21826200
1, 21882300
1, 21864000
1, 21918900
1, 21827000
1, 22056000
1, 21812800
1, 21797900
1, 21809300
2, 22146600
2, 22248500
2, 22462700
2, 23355600
2, 22398400
2, 21923100
2, 21841100
2, 21830300
2, 21842700
2, 23177100
3, 21910500
3, 21818200
3, 21912900
3, 21925700
3, 21807400
3, 21797400
3, 21802700
3, 21812400
3, 21817400
3, 21843500
4, 21804000
4, 21799200
4, 21821100
4, 21825700
4, 22786400
4, 21859400
4, 21891600
4, 21881400
4, 21964200
4, 22321600
5, 21864300
5, 21863100
5, 21830800
5, 21899900
5, 24670400
5, 21904000
5, 21861400
5, 21882600
5, 21748400
5, 21836900
6, 21821000
6, 21832200
6, 21884400
6, 21822400
6, 21823600
6, 22100200
6, 22254300
6, 22981500
6, 22175100
6, 22176800
7, 22155600
7, 22296500
7, 22159100
7, 22126300
7, 22367100
7, 22619200
7, 22039500
7, 21987100
7, 21856100
7, 21914300
8, 21907300
8, 21904500
8, 21896400
8, 23682700
8, 21900800
8, 21965400
8, 21903500
8, 21909500
8, 21892000
8, 21898400
9, 21998000
9, 21905800
9, 21913700
9, 25945400
9, 22217300
9, 22046400
9, 21950000
9, 21893300
9, 22227600
9, 22471800
10, 22418300
10, 22333000
10, 22159200
10, 22459700
10, 22345300
10, 22484200
10, 23494700
10, 22299500
10, 22319200
10, 21839900
11, 22201100
11, 22035000
11, 22117100
11, 21921400
11, 21894600
11, 21899900
11, 21890000
11, 21894400
11, 21893000
11, 21909400
12, 22108900
12, 22115000
12, 22052400
12, 21969900
12, 22500600
12, 22200200
12, 21984000
12, 22046300
12, 21949200
12, 21958800
13, 22016000
13, 21891100
13, 22247600
13, 21966500
13, 21911600
13, 22034500
13, 21929100
13, 21964500
13, 21922100
13, 21934300
14, 22060100
14, 22420600
14, 21937300
14, 21955200
14, 22302900
14, 22300500
14, 21894700
14, 23072800
14, 22034200
14, 21911300
15, 21912700
15, 21888000
15, 21879300
15, 21890600
15, 21892100
15, 21905300
15, 22187000
15, 22014800
15, 21901500
15, 21992100
16, 24634700
16, 26294100
16, 21906500
16, 21959400
16, 21965400
16, 24061800
16, 22619200
16, 22005700
16, 22059000
16, 22168400
17, 25341300
17, 25685300
17, 21913400
17, 21961500
17, 21928900
17, 21902500
17, 21887300
17, 21903600
17, 21924100
17, 21893700
18, 21884300
18, 22647200
18, 22129500
18, 21980000
18, 21910400
18, 21964300
18, 21942000
18, 21988900
18, 21946000
18, 21929400
19, 21909800
19, 21921000
19, 21895200
19, 22203700
19, 21933800
19, 22391500
19, 22034700
19, 21894000
19, 21913700
19, 21893800
20, 22193900
20, 23203200
20, 21975700
20, 21902900
20, 21882400
20, 22084100
20, 21891100
20, 21893000
20, 21880800
20, 21901300
21, 23280900
21, 22093800
21, 21917200
21, 21940700
21, 22133900
21, 25603100
21, 21940500
21, 21886200
21, 22941000
21, 21908500
22, 21934300
22, 21876300
22, 21882400
22, 21900000
22, 21991000
22, 21893800
22, 24662000
22, 21927300
22, 21906400
22, 21921300
23, 21893900
23, 22034000
23, 21933100
23, 22084100
23, 21925700
23, 25233100
23, 21897100
23, 21921100
23, 21959700
23, 21960200
24, 28076000
24, 22113300
24, 22031700
24, 21904700
24, 21889900
24, 22146200
24, 22396800
24, 22317100
24, 21942400
24, 21873200
25, 21889700
25, 21902000
25, 21891500
25, 21896800
25, 22530800
25, 21984200
25, 21892900
25, 21896300
25, 21891200
25, 21886400
26, 21893700
26, 21890200
26, 21896300
26, 21891900
26, 22077700
26, 21923200
26, 21904000
26, 21892700
26, 21888200
26, 21886600
27, 21883200
27, 21878000
27, 21899400
27, 21881800
27, 21920200
27, 21893000
27, 21888700
27, 21906900
27, 21889200
27, 21891000
28, 21889100
28, 21890700
28, 21908500
28, 21918100
28, 21906700
28, 21919400
28, 25608500
28, 21896400
28, 21902700
28, 21901600
29, 22254700
29, 23097600
29, 22079400
29, 22144100
29, 22048400
29, 21951200
29, 21883900
29, 22067300
29, 21890200
29, 21919200
30, 22995200
30, 22089200
30, 21962200
30, 21923200
30, 21909000
30, 24899800
30, 21943200
30, 21922600
30, 21916800
30, 21956000
31, 21952600
31, 21905100
31, 21935500
31, 21889900
31, 21879400
31, 21886900
31, 22031500
31, 21910700
31, 21882800
31, 21952500
32, 21889500
32, 21981800
32, 21911600
32, 22003400
32, 22009700
32, 21929700
32, 23436900
32, 21903800
32, 21940400
32, 21903400
33, 24823400
33, 24411600
33, 22245700
33, 22053700
33, 22098200
33, 22245900
33, 22979200
33, 22190900
33, 21874000
33, 22911700
34, 21861200
34, 21828100
34, 22080600
34, 22033300
34, 21830900
34, 23117500
34, 21992200
34, 21885100
34, 21884000
34, 21881600
35, 21996200
35, 24172700
35, 24443700
35, 21871800
35, 21886100
35, 24408300
35, 22037200
35, 22088200
35, 21929800
35, 21911600
36, 22695500
36, 21939300
36, 22096600
36, 21966400
36, 21887100
36, 21960500
36, 21941700
36, 21886000
36, 25573700
36, 21908900
37, 22012200
37, 21952600
37, 21946100
37, 21902400
37, 21890800
37, 21920300
37, 22294000
37, 22956000
37, 21911200
37, 21894800
38, 23464100
38, 22028300
38, 22033300
38, 21953300
38, 22001800
38, 22710100
38, 21884400
38, 21949600
38, 21915500
38, 23048700
39, 22262500
39, 21927100
39, 21901600
39, 24805600
39, 21906000
39, 21889400
39, 21938500
39, 21917500
39, 22680900
39, 21953600
40, 21897600
40, 21900600
40, 21879800
40, 22011400
40, 21915600
40, 21880100
40, 21907600
40, 22022900
40, 21965700
40, 21958800
41, 21908100
41, 22001400
41, 21908100
41, 22022500
41, 21916000
41, 21887300
41, 22002300
41, 24610000
41, 21947200
41, 21901800
42, 23581400
42, 21892600
42, 21931000
42, 21884900
42, 21909700
42, 24785400
42, 22466500
42, 22477900
42, 23821800
42, 21983400
43, 21911700
43, 22023600
43, 21886700
43, 22064400
43, 22038500
43, 23737600
43, 21902800
43, 21890200
43, 21904700
43, 21889100
44, 21885200
44, 21899600
44, 21883200
44, 21881900
44, 21935100
44, 21884600
44, 21889100
44, 21882100
44, 21872200
44, 21968700
45, 21872900
45, 21889600
45, 21885100
45, 21876500
45, 21974200
45, 21908000
45, 21927200
45, 21944200
45, 21940900
45, 22041700
46, 21880400
46, 21894700
46, 21872400
46, 22035500
46, 21879300
46, 21896300
46, 21892400
46, 21879200
46, 22212300
46, 21929100
47, 21905700
47, 23423000
47, 21986400
47, 22019200
47, 21935500
47, 23185900
47, 21909900
47, 21933400
47, 21890100
47, 21960000
48, 23003700
48, 22163800
48, 21954800
48, 21920500
48, 21913100
48, 21875500
48, 24586000
48, 23686700
48, 21897600
48, 21884800
49, 21966300
49, 21912200
49, 21935300
49, 21909000
49, 21951800
49, 21998400
49, 21890300
49, 21902900
49, 21886900
49, 21909900
50, 22041300
50, 22274000
50, 21920300
50, 21888000
50, 22003100
50, 23556800
50, 22403800
50, 26960200
50, 21853800
50, 21890000
51, 21887900
51, 23704700
51, 21876700
51, 21887700
51, 21990800
51, 22065800
51, 21893800
51, 21896200
51, 21885400
51, 21894500
52, 21970700
52, 21883500
52, 21877300
52, 22116900
52, 22257700
52, 22265300
52, 22874800
52, 21931400
52, 21901000
52, 21851600
53, 21823000
53, 21820700
53, 21826300
53, 21867400
53, 21812500
53, 21938500
53, 22152900
53, 22620000
53, 22811800
53, 22479700
54, 22630400
54, 22279100
54, 22724800
54, 22946900
54, 22771500
54, 26440000
54, 23955100
54, 22939900
54, 22300400
54, 22697500
55, 21986100
55, 21941300
55, 21975200
55, 21965100
55, 21858500
55, 21818300
55, 21914900
55, 21868600
55, 21883700
55, 22055900
56, 22164500
56, 22084600
56, 21836800
56, 21866200
56, 21898900
56, 21883700
56, 21882800
56, 21886400
56, 21885900
56, 21892400
57, 21920700
57, 22086800
57, 21947500
57, 22464700
57, 22933700
57, 22169600
57, 21944600
57, 21878000
57, 22025100
57, 22593200
58, 21905100
58, 21876100
58, 21892400
58, 21886000
58, 21888900
58, 21885500
58, 21872200
58, 21877200
58, 21878300
58, 21944100
59, 21895000
59, 21907900
59, 21887500
59, 21961800
59, 21876300
59, 21876500
59, 21899900
59, 21878400
59, 24807800
59, 21874400
60, 21884800
60, 21979000
60, 21937300
60, 21891700
60, 21893500
60, 21934600
60, 22909400
60, 21987200
60, 21885400
60, 23029100
61, 21923300
61, 22035100
61, 21896300
61, 21921300
61, 21947600
61, 23057000
61, 22302600
61, 21911100
61, 21909400
61, 22018900
62, 21892600
62, 21885700
62, 21890000
62, 21927100
62, 21880700
62, 21944900
62, 21883300
62, 21876800
62, 21906400
62, 22088600
63, 21931900
63, 21885900
63, 21931400
63, 22155400
63, 22073700
63, 21876200
63, 21897800
63, 21891700
63, 21910400
63, 21982400
64, 21924500
64, 21960300
64, 21882200
64, 22133800
64, 21894000
64, 21891600
64, 21905300
64, 21999900
64, 21893300
64, 21883800
65, 25953700
65, 23290200
65, 22073100
65, 21922800
65, 21911400
65, 22012900
65, 21889900
65, 21978600
65, 21919800
65, 21915400
66, 23015700
66, 22093000
66, 22250600
66, 21910300
66, 21881300
66, 21883200
66, 21883000
66, 21874800
66, 21892600
66, 21884000
67, 24544700
67, 21934000
67, 21886400
67, 21898100
67, 21882300
67, 21891500
67, 21945100
67, 21888700
67, 21922700
67, 21971500
68, 21927100
68, 21890900
68, 21868700
68, 21878200
68, 21973300
68, 21955100
68, 21946200
68, 22090700
68, 21957400
68, 22011100
69, 24717200
69, 23747100
69, 22872600
69, 22481000
69, 22520500
69, 21906700
69, 23153900
69, 22511000
69, 21862800
69, 21896400
70, 21908300
70, 21903600
70, 21888600
70, 21871800
70, 21878200
70, 22003200
70, 22010500
70, 21885900
70, 21885800
70, 21886700
71, 21885900
71, 21872400
71, 21867100
71, 21876600
71, 21878300
71, 21890800
71, 22831000
71, 22238800
71, 21939800
71, 21880800
72, 22039600
72, 21918000
72, 21926900
72, 21997900
72, 21937300
72, 21899500
72, 21889600
72, 21939400
72, 21882700
72, 21920100
73, 21872800
73, 21900300
73, 22008800
73, 21879600
73, 21956600
73, 21989900
73, 21912300
73, 21915500
73, 25751000
73, 22391000
74, 21967400
74, 26491200
74, 22183000
74, 22273200
74, 22131800
74, 22698800
74, 21948700
74, 21918000
74, 21883200
74, 21896600
75, 21873300
75, 22160600
75, 21887800
75, 21878600
75, 21910000
75, 21893900
75, 21879000
75, 21870900
75, 21890800
75, 21873700
76, 21892000
76, 22321200
76, 21896300
76, 21896200
76, 21925800
76, 21876800
76, 21875400
76, 21892200
76, 21943100
76, 21883400
77, 21918000
77, 21889700
77, 21872100
77, 21890900
77, 21877600
77, 21915100
77, 21890600
77, 21903900
77, 22023600
77, 21964700
78, 25239000
78, 21850300
78, 21968900
78, 21897700
78, 21908300
78, 21949100
78, 22104400
78, 21925900
78, 21917800
78, 21869000
79, 21889500
79, 21890800
79, 21899300
79, 23691200
79, 21855200
79, 21957500
79, 21904200
79, 21990100
79, 22168300
79, 21890200
80, 21942200
80, 21897600
80, 21869200
80, 23597700
80, 21881600
80, 21872000
80, 21927500
80, 21968800
80, 21904200
80, 21901000
81, 21886500
81, 21895100
81, 21890200
81, 21908600
81, 21878200
81, 21942100
81, 21877500
81, 21869700
81, 21901200
81, 21892100
82, 21909300
82, 21951800
82, 21901200
82, 22104200
82, 21972800
82, 21895800
82, 21879600
82, 21892300
82, 21952700
82, 21896000
83, 21875900
83, 21890700
83, 23443100
83, 22077000
83, 21896800
83, 21889400
83, 21895900
83, 21942100
83, 21919500
83, 21903300
84, 21907800
84, 22971300
84, 22305700
84, 21910200
84, 21904700
84, 21901200
84, 21883000
84, 21928100
84, 24341900
84, 23747500
85, 21867800
85, 21958800
85, 22014200
85, 21889200
85, 21895100
85, 21887100
85, 21925000
85, 21880900
85, 21877200
85, 21942000
86, 22044800
86, 22516000
86, 22142300
86, 22353000
86, 21903100
86, 21960200
86, 22007600
86, 23172400
86, 23135200
86, 21976900
87, 22115000
87, 21895700
87, 25740600
87, 21902700
87, 22011000
87, 21901600
87, 21732300
87, 22874700
87, 21926400
87, 21882900
88, 21877800
88, 21873000
88, 21876400
88, 21872600
88, 21884200
88, 21918700
88, 22435500
88, 22827800
88, 21834400
88, 21872200
89, 21874700
89, 21871800
89, 21867600
89, 21870000
89, 21878600
89, 21881600
89, 21901600
89, 21873500
89, 21897800
89, 21889300
90, 21880000
90, 21993500
90, 21888000
90, 21896500
90, 21891300
90, 21901600
90, 21854000
90, 21901000
90, 21926400
90, 21892900
91, 21888800
91, 21915000
91, 21917900
91, 22047800
91, 21923300
91, 22511100
91, 23272500
91, 23017300
91, 22840500
91, 26945100
92, 22905500
92, 23078900
92, 23013900
92, 22379100
92, 22116000
92, 22500300
92, 22590600
92, 21955400
92, 21901700
92, 21881900
93, 21935700
93, 21972200
93, 21927200
93, 21827200
93, 21812700
93, 21816400
93, 21825400
93, 21813900
93, 21819100
93, 23057000
94, 21834400
94, 24248100
94, 21790700
94, 21815900
94, 21816300
94, 22262100
94, 21850500
94, 21816800
94, 21853200
94, 21883700
95, 21873300
95, 21896000
95, 21888300
95, 22146900
95, 22178000
95, 23895600
95, 22207700
95, 22173500
95, 22130800
95, 22162900
96, 22248300
96, 22717700
96, 21967300
96, 22014900
96, 21961800
96, 22824400
96, 21694600
96, 22000400
96, 21909500
96, 21974300
97, 21897200
97, 21874600
97, 21911700
97, 21883300
97, 21877900
97, 21891700
97, 22120500
97, 21922400
97, 21885600
97, 21887000
98, 21871100
98, 21884000
98, 21882600
98, 24480400
98, 21924200
98, 21883300
98, 21917600
98, 21880800
98, 21870500
98, 21887800
99, 21873800
99, 21872500
99, 21870900
99, 21872800
99, 21874000
99, 21902100
99, 21867100
99, 21882200
99, 21900900
99, 21885400
100, 22026300
100, 21893700
100, 25835500
100, 21854800
100, 21993600
100, 22020300
100, 21873700
100, 21974800
100, 21898700
100, 21915000
