0, 27768000
0, 27780000
0, 27778000
0, 27828000
0, 27821000
0, 27772000
0, 27772000
0, 28765000
0, 27697000
0, 27672000
1, 27670000
1, 27737000
1, 27700000
1, 28339000
1, 27826000
1, 27836000
1, 27820000
1, 27833000
1, 27906000
1, 27838000
2, 27825000
2, 27843000
2, 27829000
2, 27820000
2, 28217000
2, 27895000
2, 27834000
2, 27833000
2, 27842000
2, 27822000
3, 27825000
3, 27914000
3, 27908000
3, 27830000
3, 27835000
3, 27826000
3, 27864000
3, 27842000
3, 27822000
3, 28826000
4, 27941000
4, 27724000
4, 27717000
4, 27829000
4, 27806000
4, 27762000
4, 27767000
4, 27917000
4, 27745000
4, 27806000
5, 27868000
5, 27771000
5, 27731000
5, 27751000
5, 27876000
5, 27876000
5, 28097000
5, 27828000
5, 28079000
5, 27699000
6, 28679000
6, 28654000
6, 28849000
6, 30187000
6, 29786000
6, 29606000
6, 29377000
6, 29054000
6, 29060000
6, 27881000
7, 27875000
7, 27874000
7, 27851000
7, 27819000
7, 27833000
7, 28274000
7, 27791000
7, 27852000
7, 27732000
7, 31904000
8, 27751000
8, 27765000
8, 27751000
8, 28073000
8, 27725000
8, 27780000
8, 27813000
8, 27887000
8, 27767000
8, 27772000
9, 27818000
9, 27880000
9, 31920000
9, 28113000
9, 28237000
9, 30015000
9, 28400000
9, 27752000
9, 27746000
9, 32568000
10, 27716000
10, 28031000
10, 27836000
10, 28569000
10, 27742000
10, 27721000
10, 27673000
10, 30350000
10, 27814000
10, 27776000
11, 28315000
11, 27864000
11, 27865000
11, 27800000
11, 27691000
11, 27697000
11, 27736000
11, 27745000
11, 27806000
11, 27759000
12, 27756000
12, 27830000
12, 27774000
12, 27988000
12, 27786000
12, 27757000
12, 27734000
12, 27792000
12, 27956000
12, 34614000
13, 28486000
13, 27880000
13, 28293000
13, 27760000
13, 27822000
13, 27738000
13, 27710000
13, 29067000
13, 28088000
13, 28016000
14, 27892000
14, 27760000
14, 27819000
14, 27735000
14, 27738000
14, 27864000
14, 27791000
14, 27783000
14, 27852000
14, 27815000
15, 27776000
15, 27769000
15, 27752000
15, 27796000
15, 27844000
15, 27728000
15, 27782000
15, 27887000
15, 27770000
15, 27762000
16, 27854000
16, 27757000
16, 27745000
16, 28339000
16, 28394000
16, 30601000
16, 29253000
16, 31185000
16, 27781000
16, 27793000
17, 27792000
17, 27790000
17, 27777000
17, 27853000
17, 27911000
17, 27795000
17, 27785000
17, 27781000
17, 27901000
17, 27840000
18, 27829000
18, 28712000
18, 27674000
18, 27677000
18, 27772000
18, 27755000
18, 27690000
18, 27706000
18, 27700000
18, 28209000
19, 27731000
19, 27790000
19, 27751000
19, 27808000
19, 27728000
19, 28060000
19, 28726000
19, 28950000
19, 28175000
19, 27752000
20, 27787000
20, 27941000
20, 28756000
20, 28522000
20, 27903000
20, 27747000
20, 27757000
20, 27822000
20, 27758000
20, 28672000
21, 27910000
21, 27823000
21, 27753000
21, 27748000
21, 27751000
21, 27740000
21, 27726000
21, 27731000
21, 27751000
21, 27765000
22, 27731000
22, 30409000
22, 27867000
22, 27752000
22, 27762000
22, 27838000
22, 27730000
22, 27735000
22, 27765000
22, 27784000
23, 27746000
23, 27772000
23, 27770000
23, 27765000
23, 27756000
23, 27751000
23, 28066000
23, 32173000
23, 29478000
23, 28025000
24, 27783000
24, 27825000
24, 27742000
24, 27817000
24, 27724000
24, 29056000
24, 27890000
24, 27979000
24, 27777000
24, 27723000
25, 27730000
25, 29412000
25, 27723000
25, 27757000
25, 27843000
25, 27738000
25, 27821000
25, 27765000
25, 27770000
25, 27837000
26, 27838000
26, 27868000
26, 27751000
26, 27762000
26, 27736000
26, 27840000
26, 28132000
26, 27743000
26, 27772000
26, 27769000
27, 27735000
27, 29997000
27, 31234000
27, 28490000
27, 27881000
27, 27811000
27, 36616000
27, 30079000
27, 28030000
27, 27861000
28, 30155000
28, 28191000
28, 27777000
28, 27785000
28, 27773000
28, 27786000
28, 27815000
28, 27826000
28, 27857000
28, 27820000
29, 27842000
29, 28538000
29, 27914000
29, 27688000
29, 28663000
29, 28657000
29, 27881000
29, 27766000
29, 27904000
29, 27856000
30, 27815000
30, 27807000
30, 27801000
30, 27777000
30, 27755000
30, 27756000
30, 29636000
30, 27938000
30, 29565000
30, 27951000
31, 27815000
31, 27843000
31, 27825000
31, 27801000
31, 27857000
31, 28981000
31, 28122000
31, 31416000
31, 27785000
31, 27860000
32, 27726000
32, 31360000
32, 31858000
32, 27755000
32, 27679000
32, 27729000
32, 27746000
32, 27824000
32, 27727000
32, 27749000
33, 27791000
33, 27915000
33, 27776000
33, 27761000
33, 27888000
33, 27743000
33, 27817000
33, 27730000
33, 27830000
33, 27748000
34, 27695000
34, 28056000
34, 27950000
34, 28345000
34, 27893000
34, 27804000
34, 27876000
34, 27726000
34, 27696000
34, 27741000
35, 28693000
35, 29336000
35, 28073000
35, 27846000
35, 28063000
35, 27769000
35, 27786000
35, 27729000
35, 27774000
35, 27842000
36, 27734000
36, 27747000
36, 27739000
36, 27851000
36, 27744000
36, 27753000
36, 27757000
36, 27863000
36, 27831000
36, 27769000
37, 27879000
37, 27773000
37, 27751000
37, 27832000
37, 27853000
37, 27741000
37, 27777000
37, 27767000
37, 27783000
37, 28216000
38, 38073000
38, 28422000
38, 28491000
38, 27816000
38, 27869000
38, 27823000
38, 28157000
38, 27924000
38, 27851000
38, 27787000
39, 27784000
39, 27805000
39, 27853000
39, 27825000
39, 27826000
39, 28379000
39, 27780000
39, 27785000
39, 27716000
39, 27743000
40, 28578000
40, 30131000
40, 27976000
40, 34855000
40, 37279000
40, 27786000
40, 27876000
40, 28035000
40, 27773000
40, 28413000
41, 28002000
41, 27761000
41, 27789000
41, 27776000
41, 31304000
41, 28439000
41, 27685000
41, 27934000
41, 27767000
41, 27720000
42, 27734000
42, 28956000
42, 27798000
42, 27774000
42, 27765000
42, 27799000
42, 27779000
42, 27773000
42, 27811000
42, 27773000
43, 30790000
43, 29583000
43, 27784000
43, 27784000
43, 27762000
43, 27773000
43, 27781000
43, 28337000
43, 27852000
43, 31285000
44, 27841000
44, 27721000
44, 27787000
44, 28335000
44, 27845000
44, 27748000
44, 27791000
44, 29721000
44, 31793000
44, 27726000
45, 28987000
45, 31981000
45, 27733000
45, 28492000
45, 28034000
45, 31069000
45, 27853000
45, 29650000
45, 28130000
45, 27948000
46, 27956000
46, 27677000
46, 27684000
46, 27710000
46, 28109000
46, 27685000
46, 27710000
46, 27783000
46, 27864000
46, 30553000
47, 27972000
47, 28726000
47, 28351000
47, 27741000
47, 31255000
47, 27839000
47, 27975000
47, 27693000
47, 28168000
47, 28472000
48, 27786000
48, 27767000
48, 28563000
48, 27916000
48, 28037000
48, 28391000
48, 28818000
48, 27701000
48, 27752000
48, 28728000
49, 27984000
49, 31910000
49, 29411000
49, 28344000
49, 27890000
49, 32042000
49, 27785000
49, 27738000
49, 27743000
49, 27760000
50, 29348000
50, 29621000
50, 29931000
50, 31415000
50, 29826000
50, 27763000
50, 27878000
50, 28250000
50, 27786000
50, 27770000
51, 29311000
51, 27724000
51, 27809000
51, 27746000
51, 28458000
51, 27704000
51, 28402000
51, 27976000
51, 28894000
51, 28785000
52, 28696000
52, 27878000
52, 27804000
52, 27817000
52, 27836000
52, 28298000
52, 27829000
52, 28053000
52, 31794000
52, 27889000
53, 27814000
53, 27798000
53, 28488000
53, 27665000
53, 28171000
53, 27856000
53, 28241000
53, 27675000
53, 28326000
53, 27824000
54, 27912000
54, 27878000
54, 28903000
54, 27696000
54, 27691000
54, 27716000
54, 28721000
54, 27824000
54, 27828000
54, 28512000
55, 27863000
55, 30204000
55, 28444000
55, 27835000
55, 27824000
55, 29803000
55, 28629000
55, 29360000
55, 29497000
55, 29641000
56, 28912000
56, 28412000
56, 29643000
56, 29950000
56, 28187000
56, 27691000
56, 27740000
56, 27747000
56, 27766000
56, 27756000
57, 27798000
57, 27748000
57, 27742000
57, 28541000
57, 29038000
57, 27780000
57, 27728000
57, 27868000
57, 27819000
57, 27742000
58, 27817000
58, 27931000
58, 27812000
58, 27792000
58, 28965000
58, 38482000
58, 36754000
58, 32100000
58, 29676000
58, 31266000
59, 29624000
59, 28718000
59, 28417000
59, 29473000
59, 29214000
59, 28645000
59, 30797000
59, 29663000
59, 30775000
59, 30830000
60, 29889000
60, 30503000
60, 30917000
60, 29703000
60, 28613000
60, 29647000
60, 29227000
60, 29339000
60, 30016000
60, 28986000
61, 29502000
61, 28257000
61, 28624000
61, 31393000
61, 28649000
61, 27884000
61, 28332000
61, 30118000
61, 30299000
61, 28111000
62, 29806000
62, 28654000
62, 28642000
62, 28113000
62, 28035000
62, 27921000
62, 27919000
62, 27921000
62, 28472000
62, 27904000
63, 27959000
63, 28118000
63, 28038000
63, 28888000
63, 28488000
63, 28636000
63, 27923000
63, 27858000
63, 27842000
63, 27873000
64, 27848000
64, 27840000
64, 27918000
64, 27845000
64, 27838000
64, 27828000
64, 28957000
64, 27794000
64, 27743000
64, 28934000
65, 28114000
65, 28172000
65, 27775000
65, 27859000
65, 27762000
65, 27810000
65, 27829000
65, 27802000
65, 27780000
65, 28250000
66, 30167000
66, 27786000
66, 27793000
66, 27752000
66, 30564000
66, 27938000
66, 27910000
66, 30963000
66, 28851000
66, 28183000
67, 27761000
67, 27777000
67, 28001000
67, 27953000
67, 27897000
67, 28037000
67, 27768000
67, 28029000
67, 28306000
67, 27873000
68, 27766000
68, 27846000
68, 27999000
68, 27968000
68, 27760000
68, 27827000
68, 27857000
68, 27801000
68, 27770000
68, 27757000
69, 27734000
69, 27756000
69, 27772000
69, 28600000
69, 28742000
69, 27988000
69, 27984000
69, 28167000
69, 27790000
69, 27778000
70, 27779000
70, 27834000
70, 29860000
70, 28396000
70, 27833000
70, 27902000
70, 27804000
70, 27759000
70, 27779000
70, 27828000
71, 27906000
71, 27748000
71, 27786000
71, 27754000
71, 27784000
71, 28657000
71, 27749000
71, 27851000
71, 27921000
71, 27776000
72, 27757000
72, 27846000
72, 27772000
72, 27786000
72, 27789000
72, 27767000
72, 27782000
72, 27795000
72, 27765000
72, 27838000
73, 28633000
73, 28746000
73, 28439000
73, 27822000
73, 27899000
73, 27784000
73, 27802000
73, 27914000
73, 27804000
73, 27970000
74, 27805000
74, 27789000
74, 27783000
74, 27785000
74, 27775000
74, 27818000
74, 28337000
74, 29830000
74, 27730000
74, 27707000
75, 28298000
75, 28503000
75, 28759000
75, 27753000
75, 30738000
75, 27832000
75, 27843000
75, 29799000
75, 27868000
75, 27837000
76, 27896000
76, 27833000
76, 27936000
76, 27854000
76, 27836000
76, 27838000
76, 32588000
76, 27851000
76, 27846000
76, 27786000
77, 27779000
77, 27787000
77, 27791000
77, 27914000
77, 27874000
77, 27836000
77, 27832000
77, 27841000
77, 27826000
77, 27825000
78, 27836000
78, 27836000
78, 27826000
78, 27827000
78, 27847000
78, 27841000
78, 27825000
78, 29689000
78, 28631000
78, 27796000
79, 28462000
79, 27919000
79, 27824000
79, 29586000
79, 27765000
79, 27949000
79, 27789000
79, 27749000
79, 27755000
79, 27811000
80, 27724000
80, 27704000
80, 29589000
80, 27805000
80, 27701000
80, 27732000
80, 27863000
80, 27752000
80, 27784000
80, 27886000
81, 29333000
81, 27816000
81, 28063000
81, 27821000
81, 28035000
81, 27780000
81, 27753000
81, 28143000
81, 27797000
81, 29528000
82, 27872000
82, 27803000
82, 31200000
82, 27816000
82, 27823000
82, 27893000
82, 27826000
82, 27750000
82, 27926000
82, 27788000
83, 27704000
83, 27741000
83, 27740000
83, 27710000
83, 27686000
83, 27775000
83, 27731000
83, 28501000
83, 27727000
83, 27847000
84, 27737000
84, 32631000
84, 30356000
84, 28134000
84, 29040000
84, 28857000
84, 27934000
84, 27822000
84, 27844000
84, 27823000
85, 27823000
85, 27950000
85, 27881000
85, 27830000
85, 27854000
85, 27863000
85, 27829000
85, 28765000
85, 27780000
85, 30794000
86, 28735000
86, 27727000
86, 27691000
86, 27840000
86, 27799000
86, 27950000
86, 31888000
86, 27812000
86, 27892000
86, 27746000
87, 32025000
87, 30269000
87, 28561000
87, 28977000
87, 27717000
87, 28651000
87, 29269000
87, 28588000
87, 28796000
87, 28756000
88, 28789000
88, 28866000
88, 28846000
88, 28707000
88, 28843000
88, 28716000
88, 27896000
88, 28035000
88, 27856000
88, 28843000
89, 27837000
89, 29595000
89, 27870000
89, 27841000
89, 27874000
89, 27843000
89, 27845000
89, 27838000
89, 27833000
89, 29759000
90, 27834000
90, 28841000
90, 27732000
90, 27690000
90, 27877000
90, 27681000
90, 27770000
90, 28242000
90, 28926000
90, 30974000
91, 27945000
91, 27709000
91, 27768000
91, 27753000
91, 28368000
91, 28153000
91, 27842000
91, 27867000
91, 27827000
91, 27838000
92, 27971000
92, 27832000
92, 27822000
92, 28616000
92, 27774000
92, 27717000
92, 27697000
92, 27668000
92, 27834000
92, 27705000
93, 27825000
93, 27840000
93, 27711000
93, 27723000
93, 34269000
93, 27688000
93, 27785000
93, 28968000
93, 27788000
93, 31208000
94, 27822000
94, 29649000
94, 28107000
94, 29368000
94, 28366000
94, 27737000
94, 27760000
94, 27734000
94, 27741000
94, 29329000
95, 29087000
95, 27808000
95, 27789000
95, 27795000
95, 27814000
95, 27845000
95, 27826000
95, 27852000
95, 31960000
95, 27992000
96, 30560000
96, 30384000
96, 27683000
96, 31125000
96, 27771000
96, 27729000
96, 27661000
96, 27677000
96, 28290000
96, 27817000
97, 27805000
97, 30402000
97, 27936000
97, 27854000
97, 27719000
97, 27748000
97, 27873000
97, 27781000
97, 31559000
97, 27748000
98, 27797000
98, 27710000
98, 30859000
98, 27797000
98, 27700000
98, 28951000
98, 27943000
98, 28011000
98, 27775000
98, 27764000
99, 27748000
99, 27797000
99, 31657000
99, 28686000
99, 27811000
99, 27896000
99, 27817000
99, 27795000
99, 27814000
99, 27790000
100, 30453000
100, 27928000
100, 27815000
100, 27791000
100, 27844000
100, 27818000
100, 27844000
100, 29131000
100, 27871000
100, 27853000
