0, 14434000
0, 14638000
0, 14422000
0, 14432000
0, 14443000
0, 14393000
0, 14398000
0, 14382000
0, 14404000
0, 14404000
1, 14433000
1, 14823000
1, 14407000
1, 14427000
1, 14399000
1, 14408000
1, 14390000
1, 14423000
1, 14580000
1, 14403000
2, 14395000
2, 14400000
2, 14409000
2, 14397000
2, 14403000
2, 15586000
2, 14555000
2, 14583000
2, 14402000
2, 14422000
3, 14436000
3, 18531000
3, 14388000
3, 14387000
3, 16301000
3, 14653000
3, 14472000
3, 14390000
3, 14414000
3, 14568000
4, 14442000
4, 14394000
4, 14395000
4, 14414000
4, 14397000
4, 14390000
4, 14394000
4, 14421000
4, 14429000
4, 14382000
5, 14492000
5, 14447000
5, 14397000
5, 14465000
5, 14414000
5, 14487000
5, 14426000
5, 14445000
5, 14452000
5, 14432000
6, 14460000
6, 14531000
6, 18933000
6, 14454000
6, 14438000
6, 14429000
6, 14453000
6, 14473000
6, 17949000
6, 14443000
7, 14438000
7, 14485000
7, 14434000
7, 14431000
7, 14430000
7, 14428000
7, 14436000
7, 14422000
7, 14449000
7, 16158000
8, 14610000
8, 15644000
8, 14402000
8, 14398000
8, 14439000
8, 14589000
8, 14433000
8, 14564000
8, 14409000
8, 14527000
9, 14384000
9, 14419000
9, 14485000
9, 15501000
9, 14537000
9, 14488000
9, 16420000
9, 14756000
9, 14417000
9, 14521000
10, 14433000
10, 14428000
10, 15293000
10, 14413000
10, 14591000
10, 14835000
10, 14598000
10, 14397000
10, 14412000
10, 14388000
11, 14391000
11, 14393000
11, 14434000
11, 14451000
11, 14398000
11, 14391000
11, 17639000
11, 14393000
11, 14424000
11, 14417000
12, 14420000
12, 14397000
12, 14431000
12, 14497000
12, 14392000
12, 14383000
12, 14398000
12, 14481000
12, 14402000
12, 14573000
13, 18222000
13, 14464000
13, 14405000
13, 14393000
13, 14442000
13, 14409000
13, 14453000
13, 14449000
13, 14432000
13, 14425000
14, 14427000
14, 14483000
14, 14434000
14, 14433000
14, 14602000
14, 14397000
14, 14382000
14, 15166000
14, 20083000
14, 16294000
15, 15928000
15, 14979000
15, 14703000
15, 14606000
15, 14692000
15, 14449000
15, 14421000
15, 14861000
15, 14722000
15, 14457000
16, 14632000
16, 15738000
16, 14501000
16, 14378000
16, 14411000
16, 14393000
16, 14388000
16, 14388000
16, 14401000
16, 14390000
17, 14386000
17, 14400000
17, 14384000
17, 14394000
17, 14401000
17, 14392000
17, 14418000
17, 15239000
17, 14345000
17, 14345000
18, 14341000
18, 14349000
18, 14380000
18, 14662000
18, 14355000
18, 14358000
18, 14375000
18, 14389000
18, 14388000
18, 14465000
19, 14428000
19, 14421000
19, 14384000
19, 14433000
19, 14426000
19, 14397000
19, 14377000
19, 14394000
19, 14379000
19, 14378000
20, 14383000
20, 14375000
20, 14382000
20, 14384000
20, 14384000
20, 16001000
20, 14390000
20, 14375000
20, 14379000
20, 14378000
21, 14378000
21, 14374000
21, 15390000
21, 14345000
21, 14388000
21, 14553000
21, 14648000
21, 14628000
21, 15010000
21, 14511000
22, 14547000
22, 14561000
22, 14613000
22, 14566000
22, 14903000
22, 15113000
22, 15156000
22, 15404000
22, 14881000
22, 15089000
23, 14725000
23, 14506000
23, 14478000
23, 14468000
23, 14490000
23, 14454000
23, 14950000
23, 14352000
23, 14346000
23, 14348000
24, 14344000
24, 14346000
24, 14347000
24, 14349000
24, 14391000
24, 15578000
24, 14630000
24, 14385000
24, 14439000
24, 14415000
25, 14554000
25, 14403000
25, 14403000
25, 14467000
25, 14437000
25, 14427000
25, 14459000
25, 14423000
25, 14569000
25, 14597000
26, 14573000
26, 14403000
26, 14399000
26, 14426000
26, 14778000
26, 14456000
26, 14428000
26, 14449000
26, 17258000
26, 14464000
27, 14426000
27, 14390000
27, 14447000
27, 14425000
27, 14480000
27, 14444000
27, 14501000
27, 14562000
27, 14392000
27, 14403000
28, 14391000
28, 14440000
28, 14523000
28, 18642000
28, 15404000
28, 14840000
28, 14707000
28, 18190000
28, 14550000
28, 14759000
29, 14471000
29, 17153000
29, 16382000
29, 14486000
29, 14461000
29, 14414000
29, 14429000
29, 17429000
29, 14674000
29, 15100000
30, 14432000
30, 14465000
30, 14399000
30, 14391000
30, 14401000
30, 14384000
30, 14406000
30, 14429000
30, 14642000
30, 14432000
31, 14430000
31, 14422000
31, 14504000
31, 14423000
31, 14434000
31, 14435000
31, 14587000
31, 14444000
31, 14429000
31, 14427000
32, 14432000
32, 14435000
32, 14422000
32, 14396000
32, 14382000
32, 14399000
32, 14406000
32, 14492000
32, 14477000
32, 14989000
33, 15633000
33, 14429000
33, 17091000
33, 14467000
33, 14437000
33, 14434000
33, 16662000
33, 14542000
33, 14453000
33, 14429000
34, 17723000
34, 14455000
34, 16752000
34, 14393000
34, 14404000
34, 14610000
34, 14832000
34, 14433000
34, 14409000
34, 14384000
35, 14402000
35, 15305000
35, 15960000
35, 14577000
35, 14459000
35, 14440000
35, 15080000
35, 14343000
35, 14414000
35, 14783000
36, 14356000
36, 14376000
36, 14392000
36, 14387000
36, 14420000
36, 15088000
36, 14410000
36, 14473000
36, 14381000
36, 14393000
37, 14389000
37, 14393000
37, 14392000
37, 14389000
37, 14391000
37, 14413000
37, 14423000
37, 14428000
37, 14424000
37, 14421000
38, 14433000
38, 14447000
38, 14429000
38, 14537000
38, 14555000
38, 14497000
38, 14578000
38, 14437000
38, 14417000
38, 14432000
39, 14422000
39, 14425000
39, 14479000
39, 14429000
39, 14475000
39, 14477000
39, 14535000
39, 14400000
39, 14388000
39, 14428000
40, 14388000
40, 14394000
40, 14399000
40, 14389000
40, 14414000
40, 14392000
40, 14419000
40, 14398000
40, 14414000
40, 14430000
41, 14388000
41, 14392000
41, 14381000
41, 14433000
41, 14985000
41, 14637000
41, 14417000
41, 14385000
41, 14379000
41, 14361000
42, 14996000
42, 14500000
42, 14655000
42, 14394000
42, 14365000
42, 14380000
42, 14410000
42, 14421000
42, 14387000
42, 14431000
43, 14398000
43, 14384000
43, 14537000
43, 14426000
43, 15514000
43, 14609000
43, 14578000
43, 14412000
43, 14397000
43, 14404000
44, 14423000
44, 14730000
44, 14410000
44, 14394000
44, 14647000
44, 14393000
44, 14384000
44, 14394000
44, 14493000
44, 17770000
45, 14388000
45, 14397000
45, 14731000
45, 14508000
45, 14426000
45, 14504000
45, 14472000
45, 14422000
45, 14388000
45, 14392000
46, 14379000
46, 14422000
46, 14404000
46, 14427000
46, 14445000
46, 14413000
46, 18550000
46, 14397000
46, 14398000
46, 14409000
47, 14415000
47, 14395000
47, 14389000
47, 14429000
47, 14491000
47, 14400000
47, 14404000
47, 14482000
47, 14435000
47, 14399000
48, 14406000
48, 16714000
48, 14421000
48, 14454000
48, 14947000
48, 14432000
48, 14425000
48, 14426000
48, 14855000
48, 18025000
49, 14697000
49, 14492000
49, 14415000
49, 17520000
49, 14792000
49, 14440000
49, 14450000
49, 15205000
49, 14410000
49, 14451000
50, 14433000
50, 14520000
50, 15708000
50, 14468000
50, 17032000
50, 14428000
50, 14408000
50, 14449000
50, 14416000
50, 17549000
51, 14456000
51, 14418000
51, 18346000
51, 14394000
51, 14386000
51, 14691000
51, 14470000
51, 14562000
51, 14661000
51, 14467000
52, 14422000
52, 14396000
52, 14558000
52, 14605000
52, 14564000
52, 16223000
52, 14452000
52, 14386000
52, 14406000
52, 14387000
53, 14430000
53, 14401000
53, 14538000
53, 14393000
53, 14386000
53, 14863000
53, 14393000
53, 14391000
53, 14429000
53, 14386000
54, 17146000
54, 14461000
54, 14429000
54, 14396000
54, 14422000
54, 14452000
54, 14396000
54, 14386000
54, 14384000
54, 14392000
55, 14385000
55, 14389000
55, 14405000
55, 14442000
55, 14381000
55, 14406000
55, 18611000
55, 15122000
55, 14969000
55, 16090000
56, 15318000
56, 14829000
56, 14435000
56, 14412000
56, 14448000
56, 14411000
56, 17334000
56, 14372000
56, 14422000
56, 14911000
57, 15399000
57, 14408000
57, 14472000
57, 14442000
57, 14485000
57, 14404000
57, 14389000
57, 14612000
57, 14352000
57, 14359000
58, 14387000
58, 14390000
58, 14389000
58, 14394000
58, 14381000
58, 14451000
58, 14396000
58, 14392000
58, 14382000
58, 14383000
59, 14374000
59, 14382000
59, 15396000
59, 14461000
59, 14353000
59, 14363000
59, 14413000
59, 14389000
59, 14379000
59, 14420000
60, 14496000
60, 14444000
60, 14435000
60, 14503000
60, 14459000
60, 14656000
60, 14492000
60, 14678000
60, 14492000
60, 14396000
61, 14402000
61, 14465000
61, 14475000
61, 14458000
61, 14424000
61, 14473000
61, 14429000
61, 17277000
61, 14385000
61, 14382000
62, 14405000
62, 14526000
62, 14393000
62, 14393000
62, 15165000
62, 15502000
62, 14483000
62, 14403000
62, 14421000
62, 14509000
63, 14395000
63, 14696000
63, 14546000
63, 14635000
63, 14375000
63, 14408000
63, 14456000
63, 14474000
63, 15446000
63, 14604000
64, 14548000
64, 14487000
64, 14446000
64, 14527000
64, 14426000
64, 14416000
64, 14383000
64, 14386000
64, 14401000
64, 18454000
65, 14417000
65, 14401000
65, 14385000
65, 14421000
65, 14385000
65, 14391000
65, 14472000
65, 14422000
65, 14376000
65, 14394000
66, 14399000
66, 14460000
66, 18102000
66, 14536000
66, 14717000
66, 14513000
66, 14510000
66, 14498000
66, 14475000
66, 14407000
67, 14388000
67, 14438000
67, 14419000
67, 14399000
67, 16428000
67, 14413000
67, 14388000
67, 14383000
67, 14428000
67, 14406000
68, 14390000
68, 14420000
68, 14421000
68, 14387000
68, 14387000
68, 14430000
68, 14409000
68, 14401000
68, 14451000
68, 14388000
69, 14400000
69, 14395000
69, 14825000
69, 14448000
69, 16562000
69, 17516000
69, 16591000
69, 15600000
69, 14721000
69, 14645000
70, 14531000
70, 14672000
70, 14429000
70, 14500000
70, 14759000
70, 14908000
70, 15690000
70, 14956000
70, 14397000
70, 14379000
71, 14392000
71, 14390000
71, 14432000
71, 14596000
71, 14429000
71, 16274000
71, 14427000
71, 14428000
71, 16395000
71, 14454000
72, 14432000
72, 14489000
72, 14619000
72, 14430000
72, 14391000
72, 14428000
72, 14424000
72, 14432000
72, 14653000
72, 14345000
73, 14347000
73, 14858000
73, 14349000
73, 14346000
73, 14408000
73, 14448000
73, 14522000
73, 14499000
73, 14467000
73, 14524000
74, 14425000
74, 14457000
74, 14451000
74, 14398000
74, 14402000
74, 14736000
74, 14602000
74, 14415000
74, 14401000
74, 14485000
75, 14415000
75, 14386000
75, 14401000
75, 14435000
75, 14428000
75, 14456000
75, 14438000
75, 14429000
75, 17860000
75, 14400000
76, 15050000
76, 14814000
76, 15215000
76, 14827000
76, 14539000
76, 14428000
76, 14433000
76, 14395000
76, 14388000
76, 14433000
77, 14419000
77, 14396000
77, 17884000
77, 14356000
77, 14506000
77, 14374000
77, 14633000
77, 14944000
77, 14364000
77, 14382000
78, 14411000
78, 14396000
78, 14388000
78, 14387000
78, 14402000
78, 14434000
78, 14427000
78, 14420000
78, 14426000
78, 14437000
79, 14462000
79, 14448000
79, 14438000
79, 14690000
79, 14606000
79, 14559000
79, 14468000
79, 14448000
79, 14403000
79, 14432000
80, 14441000
80, 14645000
80, 15348000
80, 14535000
80, 14407000
80, 14500000
80, 14526000
80, 14455000
80, 14434000
80, 14545000
81, 14534000
81, 14461000
81, 15635000
81, 14524000
81, 20253000
81, 14624000
81, 14438000
81, 14460000
81, 14470000
81, 14454000
82, 14438000
82, 14430000
82, 14424000
82, 14462000
82, 14388000
82, 14456000
82, 14454000
82, 14421000
82, 14871000
82, 14486000
83, 14385000
83, 14409000
83, 14411000
83, 14507000
83, 14378000
83, 14503000
83, 14526000
83, 14416000
83, 14408000
83, 14448000
84, 14429000
84, 14442000
84, 14422000
84, 16337000
84, 14669000
84, 14452000
84, 14539000
84, 14402000
84, 14392000
84, 14409000
85, 14388000
85, 14395000
85, 14390000
85, 14412000
85, 14519000
85, 14396000
85, 14413000
85, 14410000
85, 14418000
85, 14386000
86, 14406000
86, 14387000
86, 14395000
86, 14543000
86, 14569000
86, 14434000
86, 14377000
86, 14412000
86, 14379000
86, 14410000
87, 14392000
87, 14379000
87, 14411000
87, 14548000
87, 14415000
87, 14412000
87, 14386000
87, 14510000
87, 14565000
87, 14448000
88, 14397000
88, 14405000
88, 14449000
88, 14395000
88, 18134000
88, 14386000
88, 14418000
88, 14677000
88, 14443000
88, 14388000
89, 14417000
89, 14448000
89, 18622000
89, 14386000
89, 14396000
89, 14414000
89, 14503000
89, 15555000
89, 15139000
89, 14454000
90, 14399000
90, 14434000
90, 14501000
90, 14556000
90, 14482000
90, 16604000
90, 14370000
90, 14381000
90, 14363000
90, 14380000
91, 14397000
91, 14516000
91, 14391000
91, 14580000
91, 14414000
91, 14379000
91, 14393000
91, 14389000
91, 14380000
91, 14389000
92, 14382000
92, 14386000
92, 14397000
92, 14388000
92, 14392000
92, 14402000
92, 14401000
92, 14387000
92, 14376000
92, 14396000
93, 14400000
93, 14442000
93, 14390000
93, 14448000
93, 14385000
93, 14390000
93, 14387000
93, 14395000
93, 14698000
93, 14404000
94, 14416000
94, 14382000
94, 14624000
94, 14404000
94, 14459000
94, 14429000
94, 14423000
94, 14486000
94, 14798000
94, 14432000
95, 14473000
95, 14408000
95, 14441000
95, 14390000
95, 14412000
95, 14391000
95, 14417000
95, 14383000
95, 14404000
95, 14414000
96, 14385000
96, 14527000
96, 14421000
96, 14376000
96, 14386000
96, 14397000
96, 14747000
96, 14405000
96, 14435000
96, 14375000
97, 14384000
97, 14384000
97, 14475000
97, 14420000
97, 14394000
97, 14430000
97, 16808000
97, 14413000
97, 14384000
97, 14408000
98, 16535000
98, 14575000
98, 14508000
98, 14488000
98, 14448000
98, 14439000
98, 14570000
98, 14506000
98, 14441000
98, 14460000
99, 17235000
99, 14446000
99, 18174000
99, 14459000
99, 14453000
99, 14467000
99, 14424000
99, 14421000
99, 14423000
99, 14426000
100, 14466000
100, 14446000
100, 14436000
100, 14429000
100, 14430000
100, 14417000
100, 14451000
100, 14473000
100, 14424000
100, 14448000
