0, 14951000
0, 14970000
0, 14817000
0, 14827000
0, 14834000
0, 14829000
0, 14893000
0, 14826000
0, 14820000
0, 14921000
1, 14825000
1, 14812000
1, 14819000
1, 14826000
1, 14858000
1, 14823000
1, 14817000
1, 14815000
1, 14844000
1, 14834000
2, 14794000
2, 14808000
2, 14833000
2, 14817000
2, 14826000
2, 14873000
2, 14818000
2, 14864000
2, 14831000
2, 14863000
3, 15310000
3, 14780000
3, 14790000
3, 14922000
3, 14930000
3, 14980000
3, 14961000
3, 14967000
3, 15082000
3, 15442000
4, 15241000
4, 14805000
4, 14937000
4, 15048000
4, 15512000
4, 15022000
4, 15038000
4, 14851000
4, 14841000
4, 14817000
5, 15194000
5, 14778000
5, 14812000
5, 14801000
5, 14800000
5, 14818000
5, 14831000
5, 14803000
5, 14802000
5, 14974000
6, 14808000
6, 19002000
6, 14840000
6, 14807000
6, 14801000
6, 14819000
6, 14815000
6, 14807000
6, 14808000
6, 14839000
7, 14830000
7, 14806000
7, 14853000
7, 14867000
7, 14837000
7, 14822000
7, 14817000
7, 14802000
7, 14828000
7, 14873000
8, 14840000
8, 14843000
8, 14919000
8, 14873000
8, 14892000
8, 14851000
8, 14869000
8, 14849000
8, 14797000
8, 14859000
9, 14847000
9, 14831000
9, 14824000
9, 14861000
9, 14821000
9, 14852000
9, 15767000
9, 14919000
9, 18970000
9, 14818000
10, 14841000
10, 14876000
10, 14829000
10, 14876000
10, 14831000
10, 14836000
10, 14855000
10, 16119000
10, 15017000
10, 14902000
11, 15002000
11, 14988000
11, 17456000
11, 15004000
11, 14838000
11, 14832000
11, 14797000
11, 14810000
11, 14797000
11, 14805000
12, 14853000
12, 14819000
12, 14947000
12, 14906000
12, 14804000
12, 14908000
12, 14858000
12, 14811000
12, 14795000
12, 14840000
13, 14814000
13, 14874000
13, 14837000
13, 14852000
13, 14838000
13, 14819000
13, 14855000
13, 14818000
13, 14826000
13, 14802000
14, 14866000
14, 14828000
14, 14821000
14, 14869000
14, 14850000
14, 15315000
14, 14926000
14, 14958000
14, 15593000
14, 14840000
15, 14881000
15, 14865000
15, 14834000
15, 14830000
15, 14814000
15, 14835000
15, 14852000
15, 14868000
15, 14924000
15, 15038000
16, 14806000
16, 14917000
16, 15106000
16, 14910000
16, 14924000
16, 14832000
16, 14855000
16, 14916000
16, 14839000
16, 15126000
17, 15618000
17, 14815000
17, 14811000
17, 14796000
17, 14841000
17, 14847000
17, 14861000
17, 14827000
17, 15508000
17, 14877000
18, 14848000
18, 14836000
18, 14870000
18, 14801000
18, 14805000
18, 14813000
18, 14835000
18, 14827000
18, 14800000
18, 14856000
19, 15052000
19, 14871000
19, 14795000
19, 15009000
19, 14900000
19, 14897000
19, 14855000
19, 15640000
19, 14772000
19, 14820000
20, 14824000
20, 14817000
20, 14810000
20, 14870000
20, 14923000
20, 14950000
20, 15202000
20, 14884000
20, 14798000
20, 14812000
21, 14815000
21, 14866000
21, 14827000
21, 14812000
21, 14832000
21, 14806000
21, 14946000
21, 15868000
21, 14825000
21, 14799000
22, 14823000
22, 14842000
22, 14840000
22, 14861000
22, 14835000
22, 14827000
22, 14811000
22, 14848000
22, 15802000
22, 15362000
23, 14834000
23, 14812000
23, 14804000
23, 14841000
23, 14823000
23, 15568000
23, 17623000
23, 14863000
23, 17327000
23, 14842000
24, 14815000
24, 14836000
24, 14812000
24, 14841000
24, 14916000
24, 15109000
24, 15058000
24, 14812000
24, 14934000
24, 14829000
25, 14844000
25, 14851000
25, 14814000
25, 14812000
25, 14798000
25, 14810000
25, 14832000
25, 14946000
25, 14804000
25, 14811000
26, 14795000
26, 14790000
26, 14805000
26, 14916000
26, 14919000
26, 14817000
26, 14828000
26, 14920000
26, 15608000
26, 14798000
27, 14870000
27, 14825000
27, 14831000
27, 14795000
27, 14828000
27, 14807000
27, 15059000
27, 14982000
27, 15031000
27, 17050000
28, 15039000
28, 15499000
28, 14841000
28, 14887000
28, 14829000
28, 14874000
28, 14907000
28, 15085000
28, 14969000
28, 14978000
29, 14987000
29, 15012000
29, 15007000
29, 14979000
29, 14939000
29, 14837000
29, 14869000
29, 15266000
29, 15253000
29, 14978000
30, 14997000
30, 14899000
30, 14836000
30, 14833000
30, 14843000
30, 15011000
30, 15169000
30, 15002000
30, 14838000
30, 14807000
31, 14804000
31, 14832000
31, 14835000
31, 14833000
31, 14867000
31, 14807000
31, 14841000
31, 14823000
31, 14831000
31, 14869000
32, 14838000
32, 14829000
32, 14820000
32, 14888000
32, 14837000
32, 14969000
32, 14816000
32, 18683000
32, 14873000
32, 14842000
33, 14854000
33, 14853000
33, 14828000
33, 14811000
33, 14828000
33, 14812000
33, 14848000
33, 14860000
33, 14802000
33, 14820000
34, 14797000
34, 14825000
34, 14795000
34, 14801000
34, 14861000
34, 14781000
34, 14883000
34, 14808000
34, 14847000
34, 14799000
35, 14852000
35, 14796000
35, 14806000
35, 14822000
35, 14884000
35, 14873000
35, 14846000
35, 14832000
35, 14824000
35, 14827000
36, 14806000
36, 14814000
36, 14805000
36, 18769000
36, 14822000
36, 14839000
36, 14846000
36, 14859000
36, 14840000
36, 14799000
37, 14798000
37, 14807000
37, 14806000
37, 14811000
37, 14987000
37, 14890000
37, 14910000
37, 14985000
37, 14863000
37, 14820000
38, 14834000
38, 14851000
38, 14835000
38, 14848000
38, 14844000
38, 14829000
38, 14865000
38, 14834000
38, 14829000
38, 14821000
39, 14968000
39, 14878000
39, 14988000
39, 14807000
39, 14903000
39, 14830000
39, 14947000
39, 14840000
39, 14849000
39, 14943000
40, 14849000
40, 14905000
40, 14814000
40, 14875000
40, 14923000
40, 14830000
40, 14824000
40, 14836000
40, 14855000
40, 14835000
41, 14836000
41, 14816000
41, 14858000
41, 14827000
41, 14839000
41, 14903000
41, 14845000
41, 14874000
41, 14831000
41, 14842000
42, 14927000
42, 14821000
42, 14837000
42, 14818000
42, 14801000
42, 14910000
42, 14800000
42, 14842000
42, 14820000
42, 14823000
43, 14791000
43, 14828000
43, 14873000
43, 14908000
43, 14873000
43, 14852000
43, 14841000
43, 14841000
43, 14864000
43, 14813000
44, 15160000
44, 14908000
44, 14871000
44, 14823000
44, 14877000
44, 14968000
44, 14854000
44, 14919000
44, 14967000
44, 14982000
45, 14818000
45, 14819000
45, 14818000
45, 14836000
45, 14812000
45, 14828000
45, 14842000
45, 14872000
45, 14877000
45, 14841000
46, 14948000
46, 14830000
46, 14830000
46, 14874000
46, 18652000
46, 14980000
46, 14981000
46, 15347000
46, 14837000
46, 14804000
47, 14861000
47, 14806000
47, 14797000
47, 14797000
47, 14816000
47, 14792000
47, 14788000
47, 14821000
47, 14769000
47, 14890000
48, 14805000
48, 14831000
48, 14804000
48, 15282000
48, 15229000
48, 14844000
48, 14813000
48, 14828000
48, 14895000
48, 14910000
49, 15052000
49, 14848000
49, 14818000
49, 14832000
49, 14819000
49, 14819000
49, 14859000
49, 14870000
49, 14841000
49, 14858000
50, 14880000
50, 14903000
50, 14875000
50, 14832000
50, 14834000
50, 14855000
50, 14826000
50, 15085000
50, 15033000
50, 14829000
51, 14831000
51, 15087000
51, 15036000
51, 14998000
51, 18433000
51, 14880000
51, 15423000
51, 14830000
51, 14801000
51, 14831000
52, 14798000
52, 14776000
52, 14793000
52, 14787000
52, 14867000
52, 14829000
52, 14992000
52, 15241000
52, 15060000
52, 14903000
53, 14892000
53, 14876000
53, 14840000
53, 14840000
53, 15463000
53, 15007000
53, 14855000
53, 14956000
53, 14804000
53, 15082000
54, 14986000
54, 15004000
54, 14888000
54, 14844000
54, 14842000
54, 14854000
54, 14855000
54, 14904000
54, 15100000
54, 14847000
55, 14890000
55, 14893000
55, 14844000
55, 14826000
55, 14819000
55, 14982000
55, 15058000
55, 14844000
55, 14816000
55, 14832000
56, 14794000
56, 14793000
56, 14789000
56, 14793000
56, 14850000
56, 14954000
56, 14811000
56, 14815000
56, 14827000
56, 14921000
57, 14954000
57, 14841000
57, 14821000
57, 15042000
57, 15023000
57, 14883000
57, 15238000
57, 14899000
57, 14886000
57, 15769000
58, 14940000
58, 14919000
58, 18254000
58, 15024000
58, 15296000
58, 14809000
58, 14844000
58, 14796000
58, 14847000
58, 14809000
59, 14835000
59, 14804000
59, 14820000
59, 14817000
59, 14808000
59, 14917000
59, 14807000
59, 14875000
59, 17868000
59, 15454000
60, 14817000
60, 14825000
60, 14832000
60, 15363000
60, 14858000
60, 14855000
60, 14870000
60, 14969000
60, 14842000
60, 14865000
61, 14893000
61, 14839000
61, 14809000
61, 14839000
61, 14817000
61, 14822000
61, 14821000
61, 14876000
61, 15450000
61, 14841000
62, 14832000
62, 14813000
62, 14850000
62, 15023000
62, 15021000
62, 14902000
62, 14950000
62, 14861000
62, 14874000
62, 15162000
63, 14868000
63, 15455000
63, 14803000
63, 14844000
63, 14841000
63, 14870000
63, 14852000
63, 15035000
63, 14940000
63, 14936000
64, 14838000
64, 14889000
64, 14903000
64, 14869000
64, 14874000
64, 14871000
64, 14801000
64, 15455000
64, 14865000
64, 14815000
65, 14825000
65, 14815000
65, 14935000
65, 14813000
65, 14877000
65, 14888000
65, 14865000
65, 14881000
65, 14831000
65, 14858000
66, 14837000
66, 14950000
66, 14940000
66, 14922000
66, 14843000
66, 14787000
66, 14824000
66, 14833000
66, 14984000
66, 14819000
67, 14807000
67, 15418000
67, 15278000
67, 14959000
67, 14902000
67, 14825000
67, 14977000
67, 14977000
67, 14983000
67, 14988000
68, 15740000
68, 14808000
68, 14812000
68, 14804000
68, 14908000
68, 14877000
68, 14805000
68, 14798000
68, 14809000
68, 14791000
69, 14789000
69, 14816000
69, 14838000
69, 14882000
69, 14829000
69, 14811000
69, 14826000
69, 14810000
69, 14876000
69, 14798000
70, 14799000
70, 14811000
70, 14824000
70, 14976000
70, 15736000
70, 14824000
70, 17368000
70, 15929000
70, 14819000
70, 14859000
71, 14801000
71, 14809000
71, 14962000
71, 14859000
71, 14835000
71, 14882000
71, 14846000
71, 14828000
71, 14840000
71, 14831000
72, 14851000
72, 14863000
72, 14866000
72, 14886000
72, 14906000
72, 14852000
72, 14870000
72, 14842000
72, 14845000
72, 14878000
73, 14844000
73, 14929000
73, 14862000
73, 14845000
73, 15082000
73, 14840000
73, 14833000
73, 14967000
73, 15495000
73, 14846000
74, 14846000
74, 14802000
74, 14811000
74, 14852000
74, 14839000
74, 14825000
74, 14844000
74, 14809000
74, 14836000
74, 14845000
75, 14852000
75, 14846000
75, 14886000
75, 14885000
75, 14841000
75, 14951000
75, 14915000
75, 14845000
75, 14819000
75, 14836000
76, 14954000
76, 14811000
76, 14913000
76, 14856000
76, 15100000
76, 15532000
76, 14835000
76, 14816000
76, 14822000
76, 14868000
77, 14850000
77, 14878000
77, 14853000
77, 14835000
77, 14986000
77, 14881000
77, 14858000
77, 14856000
77, 14927000
77, 14934000
78, 14832000
78, 18417000
78, 14803000
78, 14822000
78, 14810000
78, 14851000
78, 14819000
78, 14827000
78, 14841000
78, 15074000
79, 15006000
79, 14835000
79, 14904000
79, 14875000
79, 14812000
79, 14827000
79, 14799000
79, 14801000
79, 14876000
79, 14962000
80, 14799000
80, 14844000
80, 14964000
80, 14834000
80, 14814000
80, 14966000
80, 14807000
80, 14823000
80, 14854000
80, 14878000
81, 14864000
81, 14836000
81, 14835000
81, 14839000
81, 14839000
81, 14939000
81, 14943000
81, 14923000
81, 14936000
81, 14808000
82, 14889000
82, 14851000
82, 14827000
82, 14858000
82, 14960000
82, 15004000
82, 15055000
82, 15030000
82, 14946000
82, 14811000
83, 15593000
83, 14863000
83, 14811000
83, 16955000
83, 14833000
83, 14826000
83, 14847000
83, 14870000
83, 14911000
83, 14923000
84, 14897000
84, 14833000
84, 14912000
84, 14838000
84, 14826000
84, 14850000
84, 14865000
84, 14838000
84, 14831000
84, 14852000
85, 14836000
85, 14838000
85, 14820000
85, 14855000
85, 14842000
85, 14836000
85, 14842000
85, 14840000
85, 14847000
85, 14874000
86, 14853000
86, 14842000
86, 14851000
86, 14865000
86, 14852000
86, 14816000
86, 14932000
86, 15010000
86, 14953000
86, 15237000
87, 18869000
87, 15174000
87, 14893000
87, 14833000
87, 14870000
87, 14848000
87, 14916000
87, 14855000
87, 14871000
87, 14816000
88, 15328000
88, 15376000
88, 14869000
88, 14799000
88, 14801000
88, 14845000
88, 14821000
88, 14837000
88, 14887000
88, 14817000
89, 14894000
89, 14823000
89, 14816000
89, 14817000
89, 14939000
89, 14810000
89, 14819000
89, 14824000
89, 14857000
89, 14821000
90, 14813000
90, 14831000
90, 14812000
90, 14805000
90, 14807000
90, 14820000
90, 14884000
90, 14971000
90, 15029000
90, 15080000
91, 15111000
91, 15011000
91, 17718000
91, 14821000
91, 14838000
91, 14841000
91, 14818000
91, 14805000
91, 14789000
91, 15606000
92, 14818000
92, 14835000
92, 14858000
92, 15113000
92, 14888000
92, 14876000
92, 14890000
92, 14851000
92, 14855000
92, 14837000
93, 14847000
93, 17043000
93, 14837000
93, 14856000
93, 14879000
93, 14874000
93, 14920000
93, 14886000
93, 14883000
93, 15111000
94, 14996000
94, 14979000
94, 15016000
94, 15016000
94, 15045000
94, 14987000
94, 15023000
94, 14996000
94, 14872000
94, 15590000
95, 14805000
95, 14823000
95, 14857000
95, 14812000
95, 14806000
95, 14826000
95, 14830000
95, 14814000
95, 14778000
95, 15342000
96, 15023000
96, 15046000
96, 15040000
96, 15091000
96, 14820000
96, 14811000
96, 14906000
96, 14931000
96, 15216000
96, 14821000
97, 14814000
97, 14822000
97, 14822000
97, 14843000
97, 14842000
97, 14833000
97, 14880000
97, 14823000
97, 14971000
97, 14858000
98, 14989000
98, 14820000
98, 14850000
98, 14842000
98, 14858000
98, 14855000
98, 14840000
98, 14848000
98, 14854000
98, 14832000
99, 14843000
99, 16099000
99, 15018000
99, 17104000
99, 14826000
99, 14852000
99, 14882000
99, 15019000
99, 14876000
99, 14847000
100, 17782000
100, 14839000
100, 14960000
100, 14877000
100, 14837000
100, 14885000
100, 15426000
100, 14812000
100, 14797000
100, 14812000
