0, 14786600
0, 14759400
0, 14877000
0, 14796800
0, 14797900
0, 14815500
0, 14789700
0, 14794800
0, 14792100
0, 14799400
1, 14759200
1, 15348700
1, 14781100
1, 14776600
1, 15807700
1, 14833300
1, 14803700
1, 14804000
1, 14862100
1, 14849400
2, 14760700
2, 14835000
2, 14829500
2, 15200600
2, 14947700
2, 15085800
2, 14991100
2, 14806100
2, 14841800
2, 14782600
3, 14833100
3, 14792400
3, 14940400
3, 14800300
3, 14853300
3, 14811600
3, 14781400
3, 14827700
3, 14835400
3, 14924700
4, 15014700
4, 14942800
4, 14784600
4, 14773900
4, 14815400
4, 14797200
4, 14796100
4, 14795100
4, 15300900
4, 14846800
5, 14799700
5, 14825000
5, 14841900
5, 14790300
5, 14839200
5, 14806700
5, 14804300
5, 14872800
5, 14865800
5, 14993000
6, 14921500
6, 14803100
6, 14800900
6, 14815200
6, 14803700
6, 14805700
6, 14806500
6, 14841700
6, 14811400
6, 14812200
7, 14789500
7, 14792400
7, 14781000
7, 14828300
7, 14792300
7, 14756000
7, 15406500
7, 15610700
7, 14813500
7, 14819900
8, 17580600
8, 14842300
8, 14846300
8, 14809600
8, 15677500
8, 14959100
8, 15006800
8, 14811600
8, 14862700
8, 14796200
9, 14772000
9, 14777300
9, 15211700
9, 15305600
9, 14900800
9, 14855400
9, 15027800
9, 15221800
9, 15313300
9, 15002100
10, 14969300
10, 14992100
10, 14818600
10, 14790900
10, 14779400
10, 14913700
10, 15810400
10, 14772100
10, 18200300
10, 14734100
11, 14866200
11, 14833200
11, 14809600
11, 14807000
11, 14834300
11, 14792400
11, 14876200
11, 14807100
11, 14753200
11, 19817700
12, 14919800
12, 14860500
12, 14791900
12, 14965100
12, 14805200
12, 14801700
12, 14814100
12, 14775200
12, 14800100
12, 14843300
13, 14782200
13, 14807400
13, 14789800
13, 14813500
13, 14826000
13, 14789400
13, 14780500
13, 14848400
13, 14844100
13, 14795000
14, 14880800
14, 14811800
14, 14784900
14, 14786200
14, 14912100
14, 15017300
14, 14821100
14, 14795100
14, 14778600
14, 14827200
15, 14887400
15, 14795600
15, 14792400
15, 14815800
15, 14852200
15, 14832400
15, 14789200
15, 14778000
15, 14936000
15, 14803900
16, 15006200
16, 14829400
16, 14777500
16, 14779300
16, 14839900
16, 14811000
16, 14762900
16, 14836700
16, 14778700
16, 14795000
17, 14829500
17, 17052900
17, 14918800
17, 14830600
17, 14876600
17, 14808500
17, 14762200
17, 14785300
17, 14790700
17, 14790500
18, 14765200
18, 14800000
18, 14756700
18, 14781200
18, 14892000
18, 14761200
18, 14854500
18, 14800700
18, 14885300
18, 14794700
19, 14794500
19, 14800800
19, 14783200
19, 15017800
19, 14791400
19, 15108200
19, 14798200
19, 14776400
19, 14765600
19, 14802700
20, 14771300
20, 14792600
20, 14799800
20, 14801500
20, 15023800
20, 14975900
20, 14797700
20, 14785100
20, 15759800
20, 15012400
21, 14915300
21, 14765900
21, 14800100
21, 14789700
21, 15854500
21, 15040800
21, 14976400
21, 15877000
21, 14770600
21, 14870900
22, 14817600
22, 14791500
22, 14889000
22, 15065500
22, 14786000
22, 14926500
22, 15526900
22, 14859900
22, 15113200
22, 15256700
23, 14791200
23, 14865000
23, 14823000
23, 14860400
23, 14833600
23, 14806000
23, 14785800
23, 14776900
23, 15362300
23, 15211800
24, 14855300
24, 15458900
24, 14802900
24, 14802600
24, 14833400
24, 14821200
24, 14811100
24, 14819100
24, 14805300
24, 15258900
25, 15330500
25, 14797200
25, 14836800
25, 19663200
25, 14977200
25, 14887800
25, 15005500
25, 15031200
25, 14936100
25, 14963500
26, 14987900
26, 14969800
26, 14798800
26, 14785200
26, 14802100
26, 14819900
26, 15104600
26, 15176500
26, 15078200
26, 15016900
27, 14947500
27, 14955600
27, 14958700
27, 14957700
27, 15004900
27, 14926100
27, 15061400
27, 14848100
27, 14822800
27, 14825900
28, 14844800
28, 14832100
28, 14855100
28, 14867300
28, 14935300
28, 15229000
28, 14835800
28, 14781800
28, 14791100
28, 14800200
29, 14834200
29, 14811900
29, 14957900
29, 14822000
29, 14772700
29, 15329900
29, 14942300
29, 14878600
29, 14802100
29, 14795300
30, 14819700
30, 14821500
30, 14825200
30, 14767700
30, 14804200
30, 14909100
30, 15777900
30, 15015000
30, 14890700
30, 14821700
31, 14825500
31, 14819300
31, 15530600
31, 14776800
31, 15089000
31, 14960300
31, 14968200
31, 15075300
31, 14802200
31, 14777800
32, 14805800
32, 14968900
32, 14801900
32, 14785700
32, 14873500
32, 15816900
32, 14953100
32, 14968200
32, 14947100
32, 14942500
33, 14955100
33, 14881100
33, 14873200
33, 14806700
33, 14791400
33, 14840600
33, 14779600
33, 14791400
33, 14798600
33, 14783300
34, 14784600
34, 14819800
34, 14783500
34, 14937200
34, 19088800
34, 14856100
34, 14826900
34, 14809300
34, 14859300
34, 14962400
35, 18045300
35, 14830000
35, 14868000
35, 14852300
35, 19793700
35, 14964300
35, 14944600
35, 15036800
35, 14814700
35, 15220200
36, 14875600
36, 14873400
36, 14800900
36, 14787000
36, 14788500
36, 14813200
36, 14810000
36, 14782000
36, 14801000
36, 14819600
37, 14808000
37, 14803700
37, 14933200
37, 15636900
37, 14943800
37, 14791500
37, 14788200
37, 14762000
37, 14793000
37, 14793000
38, 14795300
38, 14769600
38, 14770500
38, 14774800
38, 14778200
38, 15026600
38, 14913000
38, 15058100
38, 15003100
38, 14970300
39, 15658000
39, 14828900
39, 14861300
39, 14799900
39, 14811900
39, 14896700
39, 14790800
39, 14823500
39, 14811800
39, 14807000
40, 14844000
40, 14892500
40, 14816300
40, 14790200
40, 14801600
40, 14769400
40, 14798900
40, 14804300
40, 14780900
40, 14787500
41, 17866100
41, 14794100
41, 14826000
41, 14798600
41, 14801900
41, 14909900
41, 15574200
41, 14920000
41, 14983500
41, 15648400
42, 14782100
42, 14792200
42, 14781700
42, 14791500
42, 14825700
42, 14792500
42, 15120700
42, 15414400
42, 14846900
42, 14830000
43, 14795500
43, 14786400
43, 14795400
43, 14833200
43, 14817100
43, 14818300
43, 14817700
43, 14800300
43, 14803800
43, 14795300
44, 15432900
44, 14889200
44, 14878100
44, 14840700
44, 14766900
44, 14824800
44, 14816100
44, 14792300
44, 14801400
44, 14780100
45, 14790400
45, 14816300
45, 14806800
45, 14786600
45, 14840100
45, 14826600
45, 14785000
45, 14790800
45, 14778400
45, 14783300
46, 14857900
46, 14886900
46, 14765800
46, 14819900
46, 14791700
46, 14795300
46, 14800900
46, 14800000
46, 14837300
46, 14778500
47, 14789000
47, 14771500
47, 14849700
47, 14825900
47, 14786200
47, 14796800
47, 14788200
47, 15706900
47, 14814000
47, 14801100
48, 14823000
48, 14783200
48, 14825800
48, 14795200
48, 14773300
48, 15371100
48, 14780300
48, 14856300
48, 14810300
48, 14821600
49, 14759300
49, 14837300
49, 14932400
49, 15169400
49, 14846500
49, 14882600
49, 14799500
49, 14801400
49, 14803400
49, 14770700
50, 15303300
50, 14811300
50, 14784400
50, 14769900
50, 14768300
50, 14769400
50, 15810800
50, 14847400
50, 14856600
50, 14833200
51, 14844100
51, 14788500
51, 15199200
51, 15015500
51, 14920000
51, 14876200
51, 14863900
51, 14841200
51, 14852500
51, 17047600
52, 14903000
52, 14910200
52, 14982800
52, 14846100
52, 14805300
52, 14797400
52, 14791100
52, 14816800
52, 14917700
52, 14863400
53, 14989700
53, 14825600
53, 14810200
53, 15152400
53, 14961500
53, 14997400
53, 15577900
53, 14790200
53, 14791800
53, 14769500
54, 14795100
54, 14783900
54, 14789600
54, 14794000
54, 17752900
54, 14789900
54, 14799300
54, 14783800
54, 14803900
54, 14769500
55, 14859300
55, 18491900
55, 14812300
55, 14841000
55, 14802300
55, 14828600
55, 15968900
55, 15020100
55, 14941100
55, 14974700
56, 15914600
56, 14954300
56, 15034300
56, 15067500
56, 14985800
56, 14971900
56, 14977300
56, 14781700
56, 14782900
56, 14786800
57, 14793500
57, 14798100
57, 14908600
57, 14939000
57, 14826400
57, 14972900
57, 14840100
57, 14804700
57, 14831600
57, 14888000
58, 14907000
58, 14975200
58, 14820900
58, 14830500
58, 14819500
58, 14778700
58, 14784300
58, 14806900
58, 14802100
58, 14810200
59, 14829700
59, 14796100
59, 14786800
59, 14785900
59, 14793600
59, 14807700
59, 14821900
59, 14831900
59, 14814100
59, 14838800
60, 14813000
60, 14805100
60, 14836600
60, 14794000
60, 14777900
60, 14796200
60, 14788300
60, 14979700
60, 14820900
60, 14795000
61, 15380200
61, 15158700
61, 14950300
61, 14992000
61, 14769000
61, 14839500
61, 14805600
61, 14807300
61, 14923000
61, 14811500
62, 14791200
62, 14805900
62, 14791300
62, 14842800
62, 14812200
62, 14797600
62, 14861100
62, 15637200
62, 14903000
62, 14893700
63, 14814400
63, 14876500
63, 14810500
63, 14790500
63, 14818800
63, 14794100
63, 14775400
63, 14800800
63, 14801600
63, 14805300
64, 14976800
64, 14982800
64, 14976700
64, 14835600
64, 15208100
64, 14916900
64, 14971700
64, 14984100
64, 14834600
64, 14807600
65, 14799000
65, 14889200
65, 14794900
65, 14780200
65, 14788600
65, 16828000
65, 14819200
65, 14801700
65, 14863600
65, 14792800
66, 14836800
66, 14791000
66, 14789200
66, 14808100
66, 14788000
66, 14815400
66, 14803600
66, 14798200
66, 14800700
66, 14855200
67, 14796000
67, 14785300
67, 14804900
67, 14804200
67, 14752200
67, 14783900
67, 14777700
67, 14792400
67, 14778600
67, 14791800
68, 14807400
68, 14816000
68, 14818800
68, 14836200
68, 14793600
68, 14797500
68, 14774500
68, 14789900
68, 14784000
68, 14773300
69, 14813200
69, 14826800
69, 14776000
69, 14793400
69, 14927600
69, 14817500
69, 14854400
69, 14805700
69, 14800900
69, 14877300
70, 14864400
70, 14891800
70, 14793300
70, 14791400
70, 14784700
70, 14785800
70, 14785900
70, 14782000
70, 15033400
70, 14869600
71, 14858500
71, 14988600
71, 14994700
71, 14950300
71, 14928900
71, 14985900
71, 15017900
71, 14968200
71, 14975100
71, 14948100
72, 14940800
72, 14977300
72, 14989800
72, 15001300
72, 14934500
72, 14944000
72, 15037600
72, 14946500
72, 14980400
72, 14866300
73, 14828400
73, 14848000
73, 15031900
73, 15013600
73, 15000200
73, 14799400
73, 14795400
73, 14807300
73, 15642400
73, 14774100
74, 14886500
74, 14876100
74, 14977700
74, 14825200
74, 14795500
74, 14785100
74, 14776800
74, 14798100
74, 14783300
74, 14826000
75, 14843700
75, 14833100
75, 14789100
75, 14783700
75, 14807700
75, 14870900
75, 17212700
75, 16634100
75, 15176800
75, 14855900
76, 14989100
76, 15882500
76, 15051300
76, 14900700
76, 14795000
76, 14810500
76, 14799100
76, 14868100
76, 14851600
76, 14899600
77, 14989100
77, 14984800
77, 14947900
77, 15137900
77, 14997300
77, 15140200
77, 14880200
77, 14852500
77, 16860000
77, 14814300
78, 14969100
78, 14799100
78, 14788500
78, 14824700
78, 14817300
78, 14786200
78, 14775000
78, 14792300
78, 14796700
78, 14818400
79, 14869800
79, 14780500
79, 14782600
79, 14872500
79, 14785700
79, 14786800
79, 14784800
79, 15520000
79, 16875400
79, 14824400
80, 14827400
80, 14985100
80, 14861700
80, 14917900
80, 15012900
80, 15658900
80, 14824200
80, 14855500
80, 14869900
80, 14813400
81, 14812500
81, 14890100
81, 14807400
81, 18419900
81, 14846600
81, 14803700
81, 15228900
81, 14808100
81, 14786600
81, 17211300
82, 15006700
82, 14841200
82, 14875900
82, 14843500
82, 14925400
82, 15093900
82, 14852700
82, 14901600
82, 15165400
82, 15060600
83, 15370600
83, 15564600
83, 15563700
83, 15531600
83, 15080200
83, 15191300
83, 15093000
83, 15081800
83, 15111500
83, 15058200
84, 15265900
84, 15310400
84, 15908400
84, 16071900
84, 14959100
84, 15000000
84, 14883700
84, 14903400
84, 14975300
84, 14953300
85, 15706100
85, 14838100
85, 14780600
85, 14788600
85, 14844500
85, 14773400
85, 14859400
85, 14787100
85, 14862800
85, 14834400
86, 14936300
86, 14807200
86, 14789000
86, 14806800
86, 15073600
86, 15198300
86, 15017300
86, 14846400
86, 14852200
86, 14904700
87, 14790500
87, 14807600
87, 14805400
87, 14801100
87, 14797800
87, 14831700
87, 14796300
87, 14789000
87, 14799700
87, 14814800
88, 14821900
88, 14792100
88, 14808800
88, 14817700
88, 14868300
88, 14797600
88, 14782800
88, 14781400
88, 14770600
88, 14770900
89, 14781400
89, 14799700
89, 14777200
89, 14806000
89, 15143200
89, 15133100
89, 14885300
89, 14802800
89, 14799600
89, 14893400
90, 14823700
90, 14780200
90, 14838700
90, 14807000
90, 14797000
90, 14791100
90, 14825400
90, 14819600
90, 14938000
90, 16689700
91, 14803200
91, 14852800
91, 14956300
91, 14821100
91, 14786900
91, 14775100
91, 14824400
91, 14819200
91, 14800200
91, 14804700
92, 14827100
92, 14925600
92, 14805200
92, 18497000
92, 14805100
92, 14812400
92, 14817600
92, 14785400
92, 14878800
92, 14785600
93, 14800100
93, 14807200
93, 14797700
93, 14785500
93, 14822200
93, 14807000
93, 14956700
93, 16215500
93, 14792200
93, 14793700
94, 14865000
94, 14794800
94, 14809400
94, 14851700
94, 14788200
94, 14812600
94, 14794600
94, 14822300
94, 14781300
94, 14789300
95, 14813300
95, 14824800
95, 14790500
95, 14790400
95, 14950400
95, 14825200
95, 14798500
95, 14790200
95, 14796800
95, 14786400
96, 14989700
96, 15015500
96, 14808500
96, 14853400
96, 14800400
96, 14797400
96, 14791400
96, 14813100
96, 15470400
96, 14765900
97, 14908700
97, 15013000
97, 14979000
97, 16078900
97, 14939600
97, 14969600
97, 14935400
97, 14811000
97, 14804500
97, 14774600
98, 14796500
98, 14848500
98, 14805800
98, 14773900
98, 14812500
98, 14893700
98, 14828100
98, 14825600
98, 15013700
98, 17725600
99, 14867100
99, 14791900
99, 14809900
99, 14810700
99, 14802700
99, 14793400
99, 14788100
99, 14850900
99, 14829700
99, 15271700
100, 14796900
100, 14838600
100, 15079600
100, 14952100
100, 14995300
100, 15021900
100, 14960000
100, 15046300
100, 14939700
100, 14823300
