0, 16279700
0, 14136100
0, 14127500
0, 15516900
0, 14146500
0, 14236100
0, 14130900
0, 14474500
0, 14250500
0, 14096700
1, 14173900
1, 18082400
1, 14582000
1, 14483400
1, 14753300
1, 18585700
1, 14093300
1, 14158900
1, 14123400
1, 14082200
2, 14127200
2, 14103200
2, 16401700
2, 14733000
2, 14125000
2, 14120000
2, 14111200
2, 14112000
2, 14104600
2, 14104400
3, 14131000
3, 14125300
3, 14305500
3, 14192400
3, 14144500
3, 14117800
3, 14101700
3, 14096100
3, 14113000
3, 14109900
4, 14107000
4, 14099300
4, 14104600
4, 15015200
4, 14241100
4, 14101400
4, 14113400
4, 14127800
4, 14206400
4, 14099500
5, 14090000
5, 14111000
5, 14066400
5, 14099200
5, 14192200
5, 14092600
5, 14200700
5, 14101900
5, 14129000
5, 14694200
6, 14422400
6, 14283700
6, 14292300
6, 15588700
6, 14109400
6, 14134500
6, 14081600
6, 14174200
6, 14182700
6, 14097000
7, 14109700
7, 14100100
7, 14138900
7, 15459600
7, 14313500
7, 14176200
7, 14099900
7, 14080100
7, 14092500
7, 14199000
8, 14847200
8, 14421500
8, 14703900
8, 15242800
8, 14135100
8, 14107200
8, 14090700
8, 14211200
8, 14125000
8, 14099000
9, 14083300
9, 14067900
9, 14066400
9, 14065200
9, 14067200
9, 14065500
9, 14082300
9, 14097200
9, 14069700
9, 14968800
10, 14121900
10, 14124500
10, 14110700
10, 14530300
10, 14131600
10, 14128900
10, 14108800
10, 14104600
10, 14109700
10, 14110200
11, 14126000
11, 14109500
11, 14130500
11, 14116600
11, 14257600
11, 14525400
11, 14366700
11, 14523000
11, 14420700
11, 14901400
12, 14186000
12, 14161800
12, 14152700
12, 14130900
12, 14132400
12, 14135500
12, 14117200
12, 14135600
12, 14302100
12, 14163500
13, 14125300
13, 14158900
13, 14126600
13, 14190800
13, 14125400
13, 14117100
13, 14113900
13, 14102500
13, 14109900
13, 14085400
14, 14111300
14, 14125800
14, 14178500
14, 14160200
14, 14133000
14, 14569300
14, 14221200
14, 14155400
14, 14159700
14, 14138400
15, 14168400
15, 14083800
15, 14095100
15, 14074900
15, 14248800
15, 14474100
15, 14326000
15, 14149600
15, 14087800
15, 14144000
16, 14353700
16, 14157900
16, 14152500
16, 17612200
16, 14092600
16, 14092400
16, 14079100
16, 14114500
16, 14276800
16, 14243200
17, 14087700
17, 14122500
17, 14168400
17, 14121200
17, 14195300
17, 14082900
17, 14098500
17, 14071000
17, 14075900
17, 14065700
18, 14079200
18, 14072300
18, 14077100
18, 14114700
18, 14123400
18, 14098300
18, 14086400
18, 14128200
18, 14104100
18, 14118300
19, 14084500
19, 14101900
19, 15009700
19, 14941200
19, 14212400
19, 14095400
19, 14070300
19, 14086100
19, 14525000
19, 14121600
20, 14121700
20, 14163100
20, 14120000
20, 14109200
20, 14181900
20, 14137300
20, 14154000
20, 14105500
20, 14130900
20, 14123900
21, 14101400
21, 14127000
21, 14105100
21, 14180800
21, 14144000
21, 14162800
21, 14100800
21, 14122600
21, 14125700
21, 14135600
22, 14103400
22, 14117000
22, 14102600
22, 14113700
22, 14124300
22, 14131900
22, 14117500
22, 14119500
22, 14124800
22, 14208700
23, 14193600
23, 14135000
23, 14111900
23, 14147300
23, 14116500
23, 14075700
23, 14069900
23, 14075400
23, 14080300
23, 14069000
24, 14072500
24, 14096600
24, 14076100
24, 14076300
24, 14071100
24, 15139100
24, 14088700
24, 14203800
24, 14222200
24, 14173800
25, 14127100
25, 14094900
25, 14106700
25, 14093600
25, 14205500
25, 14175900
25, 16097800
25, 14186700
25, 14868100
25, 14120000
26, 14076700
26, 14065000
26, 14160700
26, 14640300
26, 14293700
26, 14264400
26, 14370600
26, 16048500
26, 14510200
26, 14799000
27, 14330500
27, 14549300
27, 14390000
27, 14308400
27, 14303000
27, 14541100
27, 15085000
27, 14281300
27, 14170600
27, 14236400
28, 14193200
28, 14176700
28, 14099100
28, 14454000
28, 14208500
28, 14536700
28, 14105600
28, 14104500
28, 14114700
28, 14954500
29, 14100900
29, 14100400
29, 14081900
29, 14068700
29, 14609400
29, 14108400
29, 14109500
29, 14105100
29, 14130800
29, 15240100
30, 14100300
30, 14073200
30, 14128400
30, 14095700
30, 18728900
30, 14234000
30, 14148300
30, 14078700
30, 14116300
30, 14082900
31, 14115200
31, 14096800
31, 14158000
31, 14136700
31, 14130400
31, 14080000
31, 14071000
31, 14073600
31, 14189900
31, 14132300
32, 14086800
32, 14077200
32, 14073300
32, 14091400
32, 14095400
32, 14094200
32, 14237200
32, 14199600
32, 14113900
32, 14139000
33, 14435800
33, 14256300
33, 14114000
33, 14105900
33, 14116900
33, 14118700
33, 14104100
33, 14149000
33, 16628500
33, 14781200
34, 14430800
34, 14164000
34, 14901900
34, 14168100
34, 14127600
34, 14129300
34, 14117700
34, 14113800
34, 14119400
34, 14134200
35, 14111000
35, 14112200
35, 14094900
35, 14188800
35, 14156400
35, 14164800
35, 14122200
35, 14108900
35, 14123900
35, 14107600
36, 14102600
36, 14099400
36, 14112500
36, 14118800
36, 14151700
36, 14108700
36, 14118700
36, 14109900
36, 14113900
36, 14604200
37, 14090500
37, 14087000
37, 14091100
37, 14139100
37, 14142900
37, 14094500
37, 14073000
37, 14110900
37, 14304000
37, 14173600
38, 14104900
38, 14171900
38, 14094100
38, 14149500
38, 14179100
38, 14102000
38, 14065100
38, 14073900
38, 14095000
38, 14117400
39, 14341800
39, 14180600
39, 14084300
39, 14093200
39, 14071500
39, 14091000
39, 14092000
39, 14483500
39, 14262800
39, 14146800
40, 14091900
40, 14087200
40, 14104800
40, 14108200
40, 14125200
40, 14103100
40, 14301900
40, 14240900
40, 14161700
40, 19139800
41, 14953900
41, 14305900
41, 14671100
41, 14245300
41, 14191100
41, 14736600
41, 14122900
41, 14229400
41, 14136800
41, 14156500
42, 14095900
42, 14103700
42, 14143700
42, 15239400
42, 14161600
42, 14214400
42, 14100100
42, 14155600
42, 14149600
42, 14113700
43, 14087900
43, 14083000
43, 14128600
43, 14070900
43, 14144100
43, 14094500
43, 14127000
43, 14110900
43, 14090800
43, 14118000
44, 18171500
44, 14126300
44, 14088300
44, 14084100
44, 14122800
44, 16764400
44, 14089700
44, 14064300
44, 14178600
44, 14251000
45, 14251400
45, 14096200
45, 18050800
45, 14125200
45, 14079500
45, 14092300
45, 14103600
45, 14091600
45, 14072500
45, 14096100
46, 14116100
46, 14071100
46, 15176900
46, 14086000
46, 14061600
46, 14104700
46, 14094000
46, 14101400
46, 14117200
46, 14152400
47, 14096100
47, 14106700
47, 14110000
47, 14086900
47, 14091400
47, 14092700
47, 14123800
47, 14105800
47, 14506800
47, 14157900
48, 14092300
48, 14135100
48, 14076500
48, 14554200
48, 14116500
48, 14080200
48, 14099600
48, 14094000
48, 14090700
48, 14140600
49, 15174100
49, 14098800
49, 14172500
49, 15194500
49, 14092900
49, 14704400
49, 14078000
49, 14099400
49, 14145000
49, 14123100
50, 14102100
50, 14088000
50, 14088400
50, 14115700
50, 14097800
50, 14106400
50, 14086700
50, 14106500
50, 14095500
50, 14684500
51, 14098600
51, 14091300
51, 14082200
51, 14396500
51, 14101000
51, 14079800
51, 14217200
51, 14091100
51, 14084300
51, 14123800
52, 14205200
52, 14095900
52, 14084400
52, 14105300
52, 14149700
52, 14089100
52, 14446500
52, 14121600
52, 14166400
52, 14153400
53, 14103900
53, 14586000
53, 14092300
53, 14279900
53, 16517300
53, 14370600
53, 14096000
53, 14144200
53, 14083400
53, 14126800
54, 17580500
54, 14184600
54, 14205100
54, 14160800
54, 14141100
54, 17543100
54, 14105900
54, 14090100
54, 14208300
54, 14864400
55, 14479200
55, 14144400
55, 14150500
55, 14301600
55, 14114300
55, 14904100
55, 14149400
55, 14092600
55, 14156100
55, 14097200
56, 14093500
56, 14085800
56, 14192500
56, 16251000
56, 14410700
56, 14156800
56, 14091500
56, 14107800
56, 14091200
56, 14180600
57, 14106500
57, 15382300
57, 14481900
57, 14345000
57, 14453900
57, 14293800
57, 14149400
57, 14325500
57, 14152900
57, 14129600
58, 15306400
58, 14177300
58, 14180700
58, 14138000
58, 14124100
58, 14111500
58, 14116400
58, 14141500
58, 14136100
58, 14367700
59, 14118200
59, 14119900
59, 14133600
59, 14156500
59, 14331100
59, 14121100
59, 14087700
59, 15272800
59, 14099800
59, 14074700
60, 14233000
60, 14108700
60, 14922300
60, 14078200
60, 14762500
60, 14243200
60, 14140400
60, 14134400
60, 14111800
60, 14174000
61, 14109800
61, 14092300
61, 14092800
61, 14111300
61, 14113100
61, 14112600
61, 14131700
61, 14944600
61, 14249800
61, 14126500
62, 14129700
62, 14150500
62, 14114000
62, 14121300
62, 14149500
62, 14147300
62, 14141500
62, 14127300
62, 14116100
62, 14108500
63, 14115400
63, 14113400
63, 14122500
63, 14196900
63, 14158900
63, 15028800
63, 14103300
63, 14381700
63, 14170500
63, 14205500
64, 14512000
64, 14172000
64, 14162000
64, 14094800
64, 14070700
64, 14251200
64, 14091200
64, 14121300
64, 14107000
64, 14146400
65, 14074100
65, 14073400
65, 14071300
65, 14075900
65, 14073300
65, 14123100
65, 14118900
65, 14136500
65, 14147000
65, 14094600
66, 14070500
66, 16923300
66, 14088300
66, 14152800
66, 14133600
66, 14154200
66, 14075900
66, 14102000
66, 14140400
66, 14109000
67, 14393200
67, 14096800
67, 14077500
67, 14081500
67, 18220400
67, 16749500
67, 14268100
67, 14214500
67, 14099200
67, 14084000
68, 14184600
68, 14100600
68, 14089700
68, 14085500
68, 14295600
68, 14102800
68, 14096600
68, 14066900
68, 14057000
68, 14793400
69, 14746700
69, 14222600
69, 14975100
69, 14140800
69, 14155400
69, 14078900
69, 14096200
69, 14087000
69, 14135300
69, 14177300
70, 14083600
70, 14089600
70, 14117400
70, 15295200
70, 14337600
70, 14828100
70, 14371000
70, 14100000
70, 14077100
70, 14341200
71, 14093400
71, 14703300
71, 14297200
71, 14173400
71, 14090400
71, 14090300
71, 14129500
71, 14100600
71, 14309600
71, 14116800
72, 14334600
72, 14114700
72, 14075100
72, 14090600
72, 14080900
72, 14111200
72, 16445500
72, 14144900
72, 14152500
72, 14276800
73, 14132400
73, 14076900
73, 14126200
73, 14145900
73, 14968400
73, 14144900
73, 14073900
73, 14092100
73, 14080600
73, 14120100
74, 14200100
74, 14167400
74, 14251000
74, 14117100
74, 14548500
74, 15110900
74, 14101400
74, 14520700
74, 14518100
74, 14180700
75, 14159200
75, 14117200
75, 14126500
75, 14097100
75, 14077300
75, 14082700
75, 14182500
75, 14097900
75, 14087300
75, 17963000
76, 14209000
76, 14079800
76, 14074500
76, 14184600
76, 14106200
76, 14274600
76, 14099600
76, 14187200
76, 14099700
76, 14123500
77, 14486100
77, 14097100
77, 14109000
77, 16204100
77, 14614100
77, 14244800
77, 14116900
77, 14150700
77, 14097900
77, 14144800
78, 14094000
78, 14102700
78, 14157800
78, 14140100
78, 14130100
78, 14357100
78, 14190800
78, 14171200
78, 18700800
78, 14107600
79, 14073300
79, 14122800
79, 14095400
79, 14115600
79, 14084600
79, 14080500
79, 14074700
79, 14073000
79, 14172500
79, 14139100
80, 14124300
80, 14276600
80, 14149100
80, 14106900
80, 14074200
80, 14110000
80, 14107500
80, 14227800
80, 14263700
80, 14132000
81, 14080800
81, 14094500
81, 14080000
81, 14115300
81, 14115500
81, 14074900
81, 14132000
81, 14250300
81, 14094200
81, 14110500
82, 14133000
82, 14101100
82, 14079600
82, 14944200
82, 15562600
82, 14361900
82, 14430800
82, 14116400
82, 15212700
82, 14153700
83, 14204500
83, 14243400
83, 14090800
83, 14081600
83, 14145900
83, 14126000
83, 14090600
83, 14129300
83, 14114400
83, 14074700
84, 14159700
84, 14174900
84, 15370000
84, 14198300
84, 14230400
84, 14208300
84, 14113200
84, 14088200
84, 14075400
84, 14137500
85, 14128800
85, 14103300
85, 14151000
85, 14113900
85, 14070900
85, 14079000
85, 14108100
85, 14111900
85, 14130100
85, 14419700
86, 14767800
86, 14108500
86, 14143000
86, 14172600
86, 14098600
86, 14162000
86, 18267700
86, 14137800
86, 14076100
86, 14067700
87, 14141000
87, 14089000
87, 14186400
87, 14139500
87, 14168100
87, 14492900
87, 14111800
87, 14133400
87, 14081300
87, 14073300
88, 14080500
88, 17337300
88, 14118200
88, 14068100
88, 14119900
88, 14957400
88, 19044400
88, 14587000
88, 14096300
88, 17745200
89, 14420900
89, 14139700
89, 14102800
89, 14082500
89, 14074900
89, 14083800
89, 14447300
89, 23611100
89, 14129500
89, 14168400
90, 14122300
90, 14075600
90, 14080100
90, 14087300
90, 15134100
90, 14336000
90, 14079100
90, 14122900
90, 14106300
90, 14104600
91, 14122800
91, 14103400
91, 14369900
91, 14150000
91, 14110100
91, 14089300
91, 14073100
91, 14096200
91, 14082900
91, 14994400
92, 14074800
92, 14067800
92, 14077800
92, 14114100
92, 14099200
92, 14125000
92, 14123100
92, 15089000
92, 14184900
92, 18404400
93, 14099100
93, 14074600
93, 14444000
93, 14162900
93, 14217800
93, 14078700
93, 14212800
93, 14089900
93, 14092000
93, 14118700
94, 14246000
94, 14270400
94, 14119400
94, 14099200
94, 14065700
94, 14066100
94, 14085400
94, 14092000
94, 14097800
94, 14074800
95, 14078000
95, 14066700
95, 14055300
95, 14053700
95, 14056000
95, 14114000
95, 14099400
95, 14111300
95, 14196700
95, 14230000
96, 14081000
96, 14058800
96, 14063500
96, 14111000
96, 14118400
96, 14074500
96, 14059800
96, 14857900
96, 14237200
96, 14279800
97, 14638300
97, 14672200
97, 14486900
97, 14288600
97, 14319500
97, 14287100
97, 14564800
97, 14348700
97, 14339100
97, 14373900
98, 14299100
98, 14453100
98, 14830800
98, 14682200
98, 15112900
98, 15138400
98, 14226900
98, 14177400
98, 14163600
98, 14764300
99, 14039300
99, 14072800
99, 14056300
99, 14061500
99, 14074900
99, 14065400
99, 14065900
99, 14105300
99, 14091100
99, 14093600
100, 14080900
100, 14082400
100, 14084900
100, 14063700
100, 14054600
100, 14058500
100, 14751100
100, 14142000
100, 14113400
100, 14113900
