0, 103788900
0, 103019700
0, 105931100
0, 102658400
0, 107190300
0, 102767700
0, 104184900
0, 104004600
0, 103551100
0, 105144700
1, 102229600
1, 102205400
1, 102697100
1, 102457100
1, 102696300
1, 103992900
1, 102598800
1, 103863100
1, 102421100
1, 102515200
2, 102184900
2, 102239500
2, 102183000
2, 102345700
2, 102771000
2, 103512600
2, 102382500
2, 103808600
2, 109321800
2, 105028700
3, 103751100
3, 102760200
3, 105481100
3, 102779400
3, 107651800
3, 103577100
3, 102265200
3, 102940400
3, 101889600
3, 103747600
4, 102266900
4, 104450500
4, 102447000
4, 102254900
4, 102881100
4, 102290200
4, 103507800
4, 102377100
4, 102202600
4, 102441000
5, 102448500
5, 102416900
5, 102242800
5, 102236800
5, 105752600
5, 106495800
5, 104017200
5, 102176400
5, 102088400
5, 102150800
6, 102387600
6, 102280300
6, 105202700
6, 102581600
6, 106790400
6, 104072800
6, 106865800
6, 102742200
6, 102218900
6, 105096500
7, 102678400
7, 102302400
7, 102363100
7, 107661600
7, 108495900
7, 106216900
7, 102243800
7, 102653100
7, 102152000
7, 103190200
8, 102521100
8, 102712000
8, 105751800
8, 102821900
8, 102778800
8, 104816400
8, 102380800
8, 104383600
8, 102158200
8, 102178500
9, 102454200
9, 102720900
9, 103274500
9, 105851100
9, 108321600
9, 102874800
9, 102179500
9, 102088100
9, 102131500
9, 102490200
10, 102395600
10, 102772200
10, 103197200
10, 102162300
10, 103809300
10, 106595400
10, 107161600
10, 104508900
10, 102242000
10, 102411500
11, 102322400
11, 102683800
11, 104517900
11, 104458100
11, 104044600
11, 102181200
11, 102946500
11, 102943700
11, 105573600
11, 102290500
12, 102171100
12, 102257600
12, 103245700
12, 102531500
12, 103284600
12, 101915100
12, 102366700
12, 102914900
12, 103026000
12, 102090200
13, 102495400
13, 104039400
13, 102703500
13, 108615500
13, 102793800
13, 102293400
13, 103179000
13, 103151300
13, 103957300
13, 102315700
14, 106379400
14, 103480500
14, 103465800
14, 103991300
14, 102247400
14, 106258600
14, 102201300
14, 105996100
14, 102328900
14, 102277000
15, 103949200
15, 106308900
15, 108406000
15, 102526800
15, 105545100
15, 102174000
15, 104346400
15, 102910300
15, 102470500
15, 102709500
16, 103641900
16, 103468500
16, 103890200
16, 102282100
16, 102212800
16, 102172700
16, 102167200
16, 102613500
16, 102399200
16, 102401500
17, 103936300
17, 102375400
17, 104631500
17, 105813400
17, 106999900
17, 102183800
17, 102829600
17, 102776700
17, 102496200
17, 103451100
18, 102565900
18, 103289300
18, 103206000
18, 108943400
18, 105530200
18, 104557400
18, 106801600
18, 102273300
18, 102591000
18, 104130400
19, 102227100
19, 107602600
19, 102335000
19, 102645800
19, 102444800
19, 102306600
19, 107095100
19, 102295200
19, 102673000
19, 102987100
20, 102196600
20, 103688600
20, 104381200
20, 106651700
20, 102315400
20, 102280500
20, 102271700
20, 105271700
20, 103892900
20, 102628800
21, 105492200
21, 102531600
21, 102365800
21, 102498300
21, 105191900
21, 105905700
21, 102963700
21, 102208500
21, 103447300
21, 102478000
22, 103674100
22, 102426600
22, 106513000
22, 101967200
22, 102507100
22, 102287200
22, 102014000
22, 101889400
22, 104757400
22, 105454500
23, 108012200
23, 102715400
23, 102139600
23, 102083600
23, 103742900
23, 101958700
23, 104216500
23, 102709900
23, 102146500
23, 103905800
24, 102147900
24, 109485800
24, 101936700
24, 102098000
24, 102523400
24, 104942500
24, 104931700
24, 103186700
24, 102044300
24, 109179400
25, 102249400
25, 102098100
25, 101888600
25, 102130400
25, 114134900
25, 102770800
25, 105060500
25, 102120600
25, 101834700
25, 104773700
26, 102000400
26, 103846300
26, 102260500
26, 102119300
26, 102294000
26, 102291500
26, 102933000
26, 102117700
26, 103241100
26, 106558700
27, 102293800
27, 102141000
27, 102169500
27, 102511200
27, 102636300
27, 109773700
27, 102433500
27, 104620700
27, 102312200
27, 102181500
28, 103217100
28, 102026000
28, 102231700
28, 102026700
28, 102051800
28, 102418900
28, 103200100
28, 101949700
28, 107039200
28, 102253100
29, 110420800
29, 102227800
29, 103497900
29, 104630200
29, 101972800
29, 103052600
29, 104473300
29, 103552900
29, 102848200
29, 102155200
30, 102145100
30, 103313400
30, 106210300
30, 106498100
30, 101861100
30, 108530800
30, 111355400
30, 107758400
30, 102123300
30, 102131000
31, 102214000
31, 103280200
31, 102012600
31, 102093900
31, 102741200
31, 103266400
31, 102497300
31, 103753800
31, 102635700
31, 104831800
32, 102063600
32, 106810400
32, 101911700
32, 102039200
32, 102972400
32, 102790000
32, 102447400
32, 106273300
32, 102909300
32, 101972400
33, 102194400
33, 106892800
33, 102010400
33, 102143900
33, 102284300
33, 102050200
33, 110512900
33, 106156000
33, 102541400
33, 104255600
34, 103357000
34, 103033300
34, 102861200
34, 102554200
34, 103337400
34, 103593100
34, 106751700
34, 102493700
34, 102005400
34, 102046200
35, 106205200
35, 102607200
35, 102360900
35, 102380200
35, 102038400
35, 103686900
35, 102400300
35, 102444200
35, 102064400
35, 102091000
36, 106139200
36, 101926100
36, 102341600
36, 103291500
36, 102025200
36, 103508000
36, 104700300
36, 104727500
36, 102029300
36, 105095000
37, 102350200
37, 101969000
37, 102384700
37, 104249000
37, 102127500
37, 103465900
37, 102605200
37, 103051100
37, 101933900
37, 102201100
38, 102334000
38, 102004500
38, 103500600
38, 104695400
38, 103787300
38, 106920600
38, 102623700
38, 102454200
38, 102136000
38, 102289500
39, 103411500
39, 104788000
39, 102043200
39, 102926700
39, 103747900
39, 102280200
39, 106762800
39, 105567900
39, 105493200
39, 110993800
40, 102056800
40, 101895300
40, 105029400
40, 102624700
40, 103533100
40, 106339300
40, 102472500
40, 102548200
40, 105040500
40, 105246300
41, 101984200
41, 102183800
41, 102024200
41, 103670200
41, 102164200
41, 102114600
41, 110839200
41, 102465600
41, 102652400
41, 102260700
42, 102066600
42, 103536800
42, 102068000
42, 106292800
42, 105902800
42, 105995900
42, 102067900
42, 102171000
42, 108663700
42, 105085200
43, 102299300
43, 102826300
43, 102026100
43, 104070700
43, 102361300
43, 102009600
43, 102301100
43, 105951300
43, 102091200
43, 102491200
44, 102972800
44, 104777100
44, 103415500
44, 102065400
44, 107233700
44, 102056100
44, 102404500
44, 102119300
44, 102052300
44, 102444100
45, 102437800
45, 101968200
45, 103652200
45, 102030000
45, 105984300
45, 105104100
45, 102125100
45, 102156000
45, 107581500
45, 104742700
46, 107903200
46, 103927300
46, 102669100
46, 104369400
46, 102453500
46, 102022200
46, 102687300
46, 110276000
46, 102142700
46, 103865800
47, 101965100
47, 103467500
47, 102164300
47, 102235100
47, 102160900
47, 102132600
47, 102047600
47, 102115400
47, 102221800
47, 105365700
48, 102335300
48, 103478900
48, 102134200
48, 106172300
48, 101989500
48, 102369000
48, 102775500
48, 102187000
48, 106152500
48, 102767500
49, 105573800
49, 103556200
49, 102769800
49, 103052700
49, 104118100
49, 102797200
49, 102506100
49, 102596800
49, 103259600
49, 102416600
50, 102726500
50, 101841800
50, 104929000
50, 102050200
50, 102124700
50, 106777200
50, 102362600
50, 106077900
50, 103260700
50, 101954200
51, 104026900
51, 102354100
51, 102327200
51, 101996300
51, 102020100
51, 104631300
51, 102324300
51, 101966000
51, 105344900
51, 101978000
52, 104291700
52, 106696500
52, 106640600
52, 101952100
52, 105776600
52, 102085100
52, 102877300
52, 102202600
52, 101989500
52, 103487300
53, 105314700
53, 102699000
53, 105519500
53, 102386500
53, 105839700
53, 102018600
53, 103151500
53, 102719200
53, 103729800
53, 102356300
54, 103003100
54, 104928800
54, 102486000
54, 101938600
54, 104552500
54, 105509400
54, 107768900
54, 102705500
54, 103177400
54, 102427400
55, 104695300
55, 102902400
55, 106166800
55, 102065400
55, 101922900
55, 102158300
55, 106480600
55, 102414500
55, 103516400
55, 102314500
56, 102202600
56, 106370600
56, 102206300
56, 102385500
56, 102054000
56, 102433600
56, 102751100
56, 102500600
56, 103379900
56, 102114400
57, 102465800
57, 104799200
57, 102254200
57, 102065100
57, 101959600
57, 103081300
57, 102312700
57, 102806000
57, 103281000
57, 102143400
58, 106862500
58, 105356900
58, 109296800
58, 105812400
58, 102963100
58, 102299200
58, 102137500
58, 103212600
58, 102284900
58, 102449200
59, 102030400
59, 102008500
59, 104346200
59, 103140300
59, 102584800
59, 103295900
59, 102241700
59, 102283700
59, 102141600
59, 103229100
60, 111213300
60, 101989300
60, 102347600
60, 102801100
60, 102848700
60, 102495100
60, 101930100
60, 103438900
60, 102575000
60, 102113900
61, 108375900
61, 102155800
61, 108619500
61, 105038800
61, 102637700
61, 102819800
61, 102534200
61, 102263100
61, 102861200
61, 104412600
62, 102605300
62, 102112000
62, 105517500
62, 102426100
62, 103142800
62, 102017800
62, 107521900
62, 102145400
62, 106670900
62, 104784800
63, 102020300
63, 102060600
63, 102058600
63, 102644900
63, 103983000
63, 102107500
63, 103421000
63, 101982900
63, 106680600
63, 102562600
64, 101959100
64, 106373900
64, 107655500
64, 103634400
64, 102302100
64, 103539400
64, 102242400
64, 102162400
64, 102542100
64, 106710900
65, 101975300
65, 104810700
65, 101974800
65, 104604000
65, 107563600
65, 106745500
65, 102484500
65, 102658300
65, 105836800
65, 103260100
66, 102859000
66, 102845000
66, 102342100
66, 102684400
66, 102753600
66, 103558700
66, 101943000
66, 102105600
66, 110303300
66, 102512200
67, 102574200
67, 101900800
67, 102328600
67, 105328600
67, 103509500
67, 102152200
67, 102858900
67, 102081700
67, 102523300
67, 102472800
68, 109951700
68, 101989600
68, 102547900
68, 102002100
68, 104001000
68, 102060400
68, 102451400
68, 102353900
68, 101986600
68, 102797400
69, 104325900
69, 104681400
69, 102844100
69, 102452500
69, 102537400
69, 102253500
69, 103616400
69, 102276600
69, 102522800
69, 102308600
70, 103754600
70, 106658100
70, 105313900
70, 102736800
70, 102331300
70, 102203900
70, 102190000
70, 103260300
70, 102109000
70, 102768500
71, 103506700
71, 108638600
71, 104873600
71, 104299100
71, 102193800
71, 102212400
71, 102227100
71, 103219800
71, 111131200
71, 102783100
72, 102872100
72, 103293400
72, 103529900
72, 103640800
72, 102344700
72, 102727500
72, 102264700
72, 102190500
72, 108791400
72, 102648500
73, 103326000
73, 106108100
73, 107564800
73, 102454700
73, 102039100
73, 104099000
73, 102536000
73, 102090400
73, 102109700
73, 101992800
74, 103302000
74, 102612700
74, 104110500
74, 102224400
74, 101981600
74, 110620400
74, 102876500
74, 104344900
74, 104687000
74, 102566400
75, 105020900
75, 105173600
75, 102341000
75, 102101800
75, 102343700
75, 104297700
75, 102479100
75, 106970500
75, 105113400
75, 102452000
76, 102069500
76, 106136600
76, 102669800
76, 104175200
76, 102091600
76, 102569800
76, 102473300
76, 102348000
76, 104977300
76, 104334700
77, 103354700
77, 102403900
77, 102304300
77, 102925400
77, 103671100
77, 102591000
77, 102367300
77, 102511700
77, 102833700
77, 102106800
78, 103205100
78, 102225300
78, 102482500
78, 102215500
78, 101969800
78, 102667100
78, 102042100
78, 104624300
78, 103598800
78, 102741600
79, 102241700
79, 105202400
79, 102713100
79, 104932900
79, 105128800
79, 102115400
79, 102072100
79, 102377600
79, 102387200
79, 102021900
80, 103486700
80, 102074100
80, 103284300
80, 103227900
80, 102350800
80, 102359500
80, 102626600
80, 105917300
80, 104375400
80, 102213900
81, 104300000
81, 102536400
81, 102631800
81, 103439500
81, 102743600
81, 102778700
81, 102907300
81, 102617000
81, 103287500
81, 103537800
82, 102583400
82, 102279400
82, 104574700
82, 106296300
82, 102512100
82, 106368300
82, 104855500
82, 103849200
82, 102822900
82, 103574500
83, 102417400
83, 102214400
83, 102520700
83, 105110200
83, 102309800
83, 104623600
83, 105546400
83, 104618500
83, 102990300
83, 103598300
84, 102425800
84, 102455900
84, 105478200
84, 103046400
84, 102421700
84, 102770900
84, 102165700
84, 102975800
84, 102780100
84, 103391000
85, 102190900
85, 102219300
85, 107349200
85, 103016800
85, 104075700
85, 101854000
85, 103293100
85, 103008500
85, 102254700
85, 102255600
86, 102200800
86, 102562700
86, 102488100
86, 102301400
86, 109228900
86, 102197500
86, 103877500
86, 102240800
86, 104847500
86, 102856800
87, 102287900
87, 102422800
87, 107815000
87, 102457500
87, 102735700
87, 103364300
87, 102424000
87, 103478900
87, 102509300
87, 102704400
88, 102670300
88, 109537900
88, 105599300
88, 102367900
88, 107691300
88, 104307500
88, 102295700
88, 103679700
88, 102269100
88, 102620800
89, 102684600
89, 106949300
89, 102889200
89, 105004300
89, 102994000
89, 103247200
89, 102227800
89, 103659700
89, 102204800
89, 102249300
90, 102853600
90, 102797500
90, 102757300
90, 102272400
90, 102413800
90, 103209700
90, 102915000
90, 102296700
90, 102263000
90, 102172700
91, 102329900
91, 106333200
91, 104987200
91, 106335000
91, 103306500
91, 102797000
91, 103821400
91, 102335400
91, 102364000
91, 102250700
92, 102657500
92, 102994600
92, 102854600
92, 106513000
92, 107754000
92, 103833600
92, 103871900
92, 102198200
92, 102267400
92, 102185400
93, 105652900
93, 108858000
93, 107120300
93, 104345300
93, 102440100
93, 102901900
93, 102240500
93, 102231300
93, 102318800
93, 102463100
94, 102273700
94, 102799000
94, 109515400
94, 107528400
94, 102280100
94, 103947900
94, 102807100
94, 102272800
94, 102239700
94, 106013200
95, 102721000
95, 102872900
95, 102562400
95, 102526000
95, 103341700
95, 102534100
95, 102758400
95, 102325700
95, 106288800
95, 103818200
96, 102534900
96, 105470100
96, 104103000
96, 102346400
96, 103596300
96, 102298200
96, 102569900
96, 102475000
96, 102266300
96, 105223500
97, 102411400
97, 110358000
97, 102781500
97, 105962900
97, 103547000
97, 102579400
97, 102504900
97, 102494300
97, 102256700
97, 102488800
98, 102428700
98, 103017400
98, 104257800
98, 103429000
98, 102964600
98, 102392200
98, 102665800
98, 102754900
98, 108956000
98, 103411800
99, 102429400
99, 102466700
99, 102957600
99, 103613300
99, 102561200
99, 105281400
99, 102280800
99, 102767100
99, 102609800
99, 102568100
100, 104698700
100, 106623300
100, 106129000
100, 105488700
100, 102910100
100, 102228900
100, 102155900
100, 102607500
100, 105057000
100, 102379300
