0, 103959000
0, 110939000
0, 102783000
0, 102946000
0, 102388000
0, 105245000
0, 102358000
0, 103197000
0, 102208000
0, 102625000
1, 102056000
1, 103046000
1, 102370000
1, 103112000
1, 103863000
1, 103620000
1, 102435000
1, 103416000
1, 102376000
1, 103017000
2, 103083000
2, 102194000
2, 102034000
2, 102317000
2, 102522000
2, 102110000
2, 103112000
2, 102134000
2, 102106000
2, 102209000
3, 102578000
3, 106302000
3, 103598000
3, 106506000
3, 103879000
3, 103230000
3, 102440000
3, 102360000
3, 103197000
3, 102372000
4, 102817000
4, 102085000
4, 102016000
4, 105309000
4, 102483000
4, 102031000
4, 103029000
4, 102373000
4, 102035000
4, 102513000
5, 102694000
5, 102054000
5, 105244000
5, 102620000
5, 103329000
5, 102903000
5, 104044000
5, 102035000
5, 102132000
5, 102589000
6, 103128000
6, 102245000
6, 102051000
6, 102555000
6, 102428000
6, 102479000
6, 102424000
6, 102397000
6, 102492000
6, 103450000
7, 102697000
7, 105851000
7, 102208000
7, 102954000
7, 102011000
7, 103395000
7, 102358000
7, 102806000
7, 106447000
7, 103895000
8, 102745000
8, 102416000
8, 102850000
8, 102736000
8, 102491000
8, 102535000
8, 102457000
8, 103113000
8, 102133000
8, 102130000
9, 102884000
9, 105502000
9, 102932000
9, 104024000
9, 107707000
9, 102561000
9, 104316000
9, 102410000
9, 102535000
9, 104938000
10, 102669000
10, 102734000
10, 105575000
10, 102041000
10, 102930000
10, 102204000
10, 102149000
10, 102291000
10, 102880000
10, 102706000
11, 103578000
11, 101997000
11, 102593000
11, 103145000
11, 106512000
11, 102946000
11, 102219000
11, 102021000
11, 102152000
11, 102758000
12, 103245000
12, 102563000
12, 102196000
12, 102876000
12, 102514000
12, 102127000
12, 105899000
12, 102228000
12, 102202000
12, 102094000
13, 110773000
13, 106345000
13, 102837000
13, 102485000
13, 102398000
13, 103171000
13, 105066000
13, 102577000
13, 105976000
13, 104963000
14, 105257000
14, 107348000
14, 102526000
14, 102493000
14, 102403000
14, 102557000
14, 102241000
14, 104703000
14, 102080000
14, 103766000
15, 106567000
15, 107606000
15, 103430000
15, 102187000
15, 102053000
15, 103142000
15, 102848000
15, 103233000
15, 102511000
15, 106171000
16, 104313000
16, 102960000
16, 102353000
16, 102015000
16, 102083000
16, 102211000
16, 102244000
16, 102115000
16, 102117000
16, 109912000
17, 103480000
17, 103047000
17, 103053000
17, 102079000
17, 102365000
17, 102179000
17, 102478000
17, 103008000
17, 102549000
17, 105885000
18, 103157000
18, 102524000
18, 102562000
18, 102504000
18, 102438000
18, 103328000
18, 102694000
18, 102223000
18, 104649000
18, 107137000
19, 102734000
19, 102898000
19, 102180000
19, 102079000
19, 103095000
19, 105707000
19, 102027000
19, 105358000
19, 102384000
19, 103103000
20, 102659000
20, 102520000
20, 102436000
20, 103002000
20, 102039000
20, 102783000
20, 102524000
20, 102858000
20, 104547000
20, 102514000
21, 103252000
21, 104618000
21, 102544000
21, 102396000
21, 102062000
21, 106095000
21, 103213000
21, 102344000
21, 102495000
21, 108153000
22, 103131000
22, 106461000
22, 102395000
22, 102398000
22, 103331000
22, 102072000
22, 102328000
22, 104525000
22, 102684000
22, 102062000
23, 103899000
23, 104804000
23, 110091000
23, 105468000
23, 102589000
23, 103149000
23, 102304000
23, 102970000
23, 102513000
23, 103398000
24, 102722000
24, 104628000
24, 102236000
24, 102119000
24, 102884000
24, 108718000
24, 102299000
24, 103530000
24, 102759000
24, 106221000
25, 106131000
25, 102609000
25, 102564000
25, 103370000
25, 102508000
25, 103177000
25, 103030000
25, 105952000
25, 102749000
25, 102647000
26, 102645000
26, 102961000
26, 102165000
26, 102400000
26, 102206000
26, 102276000
26, 105160000
26, 102183000
26, 102444000
26, 102182000
27, 104028000
27, 102565000
27, 102227000
27, 103277000
27, 103617000
27, 103203000
27, 102718000
27, 102868000
27, 102631000
27, 102519000
28, 102616000
28, 102529000
28, 103169000
28, 102165000
28, 102453000
28, 102389000
28, 103278000
28, 102225000
28, 102579000
28, 102489000
29, 103186000
29, 105418000
29, 102266000
29, 102441000
29, 102183000
29, 102638000
29, 106214000
29, 106523000
29, 102676000
29, 102164000
30, 105526000
30, 102112000
30, 102690000
30, 102689000
30, 102159000
30, 104015000
30, 102563000
30, 103967000
30, 102266000
30, 102501000
31, 106978000
31, 102834000
31, 102637000
31, 103053000
31, 107847000
31, 107561000
31, 103858000
31, 102617000
31, 102522000
31, 105302000
32, 102746000
32, 102257000
32, 102448000
32, 102227000
32, 103442000
32, 102464000
32, 103062000
32, 102530000
32, 102475000
32, 104794000
33, 102853000
33, 102642000
33, 103042000
33, 102208000
33, 102562000
33, 102898000
33, 103734000
33, 102965000
33, 109346000
33, 107644000
34, 105544000
34, 102385000
34, 102306000
34, 102306000
34, 106088000
34, 104665000
34, 103704000
34, 102507000
34, 104360000
34, 102475000
35, 103635000
35, 102397000
35, 102919000
35, 105025000
35, 102460000
35, 102911000
35, 102898000
35, 102541000
35, 102546000
35, 102549000
36, 103385000
36, 102854000
36, 102522000
36, 106426000
36, 102636000
36, 105823000
36, 102573000
36, 105431000
36, 105438000
36, 105909000
37, 103301000
37, 102565000
37, 102512000
37, 102757000
37, 102693000
37, 109453000
37, 102487000
37, 102689000
37, 102629000
37, 102623000
38, 103502000
38, 102561000
38, 106919000
38, 102901000
38, 106481000
38, 102532000
38, 102523000
38, 107649000
38, 103790000
38, 102716000
39, 104038000
39, 102602000
39, 105432000
39, 106469000
39, 107142000
39, 102635000
39, 102584000
39, 102531000
39, 104982000
39, 103048000
40, 106445000
40, 103031000
40, 106131000
40, 103350000
40, 102883000
40, 102609000
40, 102568000
40, 102530000
40, 102597000
40, 102780000
41, 103372000
41, 102680000
41, 102668000
41, 103504000
41, 102804000
41, 107064000
41, 102776000
41, 102599000
41, 102568000
41, 102685000
42, 103376000
42, 104435000
42, 102550000
42, 107654000
42, 102575000
42, 102588000
42, 102526000
42, 102588000
42, 102711000
42, 106362000
43, 103724000
43, 106596000
43, 107321000
43, 102852000
43, 102663000
43, 102630000
43, 102587000
43, 102603000
43, 102756000
43, 102549000
44, 103629000
44, 104606000
44, 103820000
44, 102873000
44, 104929000
44, 102761000
44, 104858000
44, 102572000
44, 102752000
44, 106082000
45, 103511000
45, 102649000
45, 103545000
45, 102530000
45, 102610000
45, 105716000
45, 102634000
45, 103041000
45, 102986000
45, 105356000
46, 110310000
46, 103441000
46, 102915000
46, 102600000
46, 103935000
46, 104717000
46, 102935000
46, 103449000
46, 102674000
46, 102785000
47, 102572000
47, 102950000
47, 104473000
47, 102562000
47, 102522000
47, 103977000
47, 102555000
47, 102835000
47, 102561000
47, 105357000
48, 103360000
48, 103608000
48, 102695000
48, 106556000
48, 102986000
48, 102826000
48, 102660000
48, 102596000
48, 102883000
48, 109770000
49, 107131000
49, 103010000
49, 106414000
49, 102544000
49, 102650000
49, 104823000
49, 106712000
49, 102666000
49, 102809000
49, 104319000
50, 108023000
50, 106567000
50, 106201000
50, 102547000
50, 102606000
50, 102635000
50, 102594000
50, 102922000
50, 103032000
50, 103380000
51, 107512000
51, 106222000
51, 102567000
51, 102622000
51, 102587000
51, 102659000
51, 102558000
51, 102709000
51, 104314000
51, 103449000
52, 106747000
52, 106042000
52, 102567000
52, 102687000
52, 102589000
52, 102785000
52, 102535000
52, 106335000
52, 104702000
52, 103922000
53, 103624000
53, 102653000
53, 102574000
53, 102605000
53, 104996000
53, 109331000
53, 105699000
53, 103752000
53, 102859000
53, 103600000
54, 103082000
54, 103821000
54, 107362000
54, 102970000
54, 102736000
54, 102538000
54, 103729000
54, 102658000
54, 104249000
54, 102551000
55, 102733000
55, 102575000
55, 104752000
55, 102528000
55, 102561000
55, 102631000
55, 102998000
55, 105582000
55, 103616000
55, 102666000
56, 103891000
56, 102650000
56, 102781000
56, 102926000
56, 107359000
56, 102315000
56, 102474000
56, 103029000
56, 102759000
56, 102651000
57, 102714000
57, 102626000
57, 102664000
57, 102954000
57, 103446000
57, 103432000
57, 104497000
57, 102760000
57, 102587000
57, 102600000
58, 102710000
58, 102693000
58, 102546000
58, 103129000
58, 102998000
58, 102733000
58, 102814000
58, 107461000
58, 103094000
58, 102572000
59, 102735000
59, 102622000
59, 102582000
59, 105440000
59, 102724000
59, 104439000
59, 102556000
59, 102336000
59, 102287000
59, 102246000
60, 102999000
60, 102792000
60, 102637000
60, 102781000
60, 102672000
60, 107401000
60, 103523000
60, 105351000
60, 102587000
60, 102555000
61, 109317000
61, 102608000
61, 103129000
61, 105334000
61, 102850000
61, 102565000
61, 102768000
61, 102568000
61, 102618000
61, 105083000
62, 103315000
62, 102312000
62, 102316000
62, 105995000
62, 104444000
62, 102719000
62, 103558000
62, 103349000
62, 102517000
62, 106319000
63, 104346000
63, 102639000
63, 102780000
63, 102740000
63, 105728000
63, 102710000
63, 102572000
63, 102582000
63, 102573000
63, 102627000
64, 104143000
64, 106577000
64, 103759000
64, 108848000
64, 104238000
64, 104298000
64, 102529000
64, 102753000
64, 102563000
64, 102615000
65, 102737000
65, 102818000
65, 103150000
65, 102746000
65, 105101000
65, 102921000
65, 103173000
65, 102607000
65, 102777000
65, 102814000
66, 103656000
66, 102686000
66, 102758000
66, 102656000
66, 103722000
66, 103013000
66, 102892000
66, 102751000
66, 102707000
66, 102628000
67, 103657000
67, 103355000
67, 106417000
67, 102647000
67, 102677000
67, 102641000
67, 102610000
67, 102598000
67, 102704000
67, 102794000
68, 103509000
68, 106656000
68, 106443000
68, 106055000
68, 102947000
68, 105849000
68, 102597000
68, 102877000
68, 103293000
68, 102766000
69, 103370000
69, 106372000
69, 102684000
69, 102934000
69, 102644000
69, 102613000
69, 105305000
69, 103970000
69, 103250000
69, 103211000
70, 103731000
70, 106877000
70, 103273000
70, 103660000
70, 102695000
70, 103447000
70, 102601000
70, 102670000
70, 102621000
70, 103057000
71, 103911000
71, 102709000
71, 106263000
71, 102651000
71, 102846000
71, 102603000
71, 102789000
71, 102823000
71, 102643000
71, 105814000
72, 103682000
72, 102675000
72, 103687000
72, 107533000
72, 102700000
72, 102680000
72, 102720000
72, 102608000
72, 102661000
72, 102884000
73, 103593000
73, 102691000
73, 108392000
73, 102616000
73, 102868000
73, 102663000
73, 102666000
73, 102621000
73, 103035000
73, 103956000
74, 103396000
74, 104030000
74, 102569000
74, 102659000
74, 102753000
74, 103055000
74, 102623000
74, 102622000
74, 102866000
74, 102951000
75, 102760000
75, 106486000
75, 102582000
75, 102683000
75, 102633000
75, 104542000
75, 102705000
75, 102713000
75, 103208000
75, 103192000
76, 103362000
76, 102357000
76, 102325000
76, 106019000
76, 102623000
76, 102633000
76, 102664000
76, 102729000
76, 103039000
76, 103936000
77, 103613000
77, 102646000
77, 102627000
77, 102630000
77, 108019000
77, 102977000
77, 102713000
77, 102605000
77, 103846000
77, 107872000
78, 104593000
78, 102637000
78, 102678000
78, 102745000
78, 103029000
78, 102708000
78, 102670000
78, 106698000
78, 103455000
78, 104497000
79, 105196000
79, 103059000
79, 102974000
79, 102667000
79, 102692000
79, 103624000
79, 106881000
79, 103363000
79, 102712000
79, 103123000
80, 102846000
80, 102627000
80, 106274000
80, 102661000
80, 102614000
80, 102644000
80, 103077000
80, 103403000
80, 102707000
80, 105226000
81, 104159000
81, 103328000
81, 102758000
81, 102715000
81, 102710000
81, 102689000
81, 102821000
81, 103154000
81, 110347000
81, 103145000
82, 106525000
82, 105507000
82, 102716000
82, 103013000
82, 105260000
82, 105788000
82, 105246000
82, 105999000
82, 106074000
82, 104850000
83, 105658000
83, 104206000
83, 102789000
83, 104281000
83, 103791000
83, 106621000
83, 102942000
83, 103123000
83, 102950000
83, 102679000
84, 103218000
84, 102755000
84, 102892000
84, 102812000
84, 102786000
84, 103155000
84, 103147000
84, 103377000
84, 103968000
84, 103165000
85, 105410000
85, 107527000
85, 103047000
85, 103589000
85, 102807000
85, 103249000
85, 102745000
85, 102798000
85, 102707000
85, 102701000
86, 102824000
86, 105437000
86, 102679000
86, 103584000
86, 105961000
86, 103177000
86, 104691000
86, 104062000
86, 104335000
86, 103442000
87, 104048000
87, 102710000
87, 102679000
87, 102759000
87, 102722000
87, 103126000
87, 104324000
87, 103023000
87, 105926000
87, 102765000
88, 105543000
88, 103006000
88, 102867000
88, 102817000
88, 102966000
88, 104392000
88, 102722000
88, 102735000
88, 102655000
88, 102637000
89, 102981000
89, 102665000
89, 102701000
89, 105596000
89, 104197000
89, 105724000
89, 103347000
89, 102770000
89, 102697000
89, 102669000
90, 102868000
90, 102670000
90, 102794000
90, 107201000
90, 102965000
90, 103909000
90, 102777000
90, 106492000
90, 102649000
90, 102722000
91, 102786000
91, 102696000
91, 102647000
91, 102981000
91, 102652000
91, 103627000
91, 103116000
91, 102706000
91, 102690000
91, 102754000
92, 105345000
92, 102781000
92, 109424000
92, 103354000
92, 102723000
92, 102785000
92, 106401000
92, 102635000
92, 102892000
92, 102435000
93, 102854000
93, 103285000
93, 103454000
93, 102242000
93, 103378000
93, 102618000
93, 103325000
93, 102312000
93, 102561000
93, 102373000
94, 103005000
94, 102342000
94, 103961000
94, 102821000
94, 103145000
94, 102602000
94, 103935000
94, 102619000
94, 102447000
94, 102318000
95, 105283000
95, 102373000
95, 104496000
95, 102295000
95, 102658000
95, 102980000
95, 102755000
95, 102599000
95, 102625000
95, 102617000
96, 103234000
96, 102621000
96, 102570000
96, 103301000
96, 105060000
96, 105749000
96, 102325000
96, 102332000
96, 102368000
96, 102427000
97, 102911000
97, 102789000
97, 102923000
97, 103326000
97, 102286000
97, 102420000
97, 102337000
97, 102384000
97, 102350000
97, 102621000
98, 102635000
98, 107099000
98, 102762000
98, 102663000
98, 102507000
98, 106698000
98, 102379000
98, 102340000
98, 102396000
98, 102292000
99, 105558000
99, 102535000
99, 102968000
99, 102559000
99, 102502000
99, 102472000
99, 102359000
99, 102341000
99, 102380000
99, 104774000
100, 107958000
100, 102367000
100, 102428000
100, 102467000
100, 102322000
100, 102290000
100, 103175000
100, 102543000
100, 103354000
100, 102471000
