0, 102725000
0, 102797000
0, 106861000
0, 103269000
0, 104252000
0, 102701000
0, 103038000
0, 103719000
0, 103754000
0, 104974000
1, 105107000
1, 103627000
1, 103650000
1, 104346000
1, 103264000
1, 104976000
1, 108087000
1, 102919000
1, 103470000
1, 106557000
2, 102958000
2, 103821000
2, 104443000
2, 105005000
2, 102759000
2, 102703000
2, 107405000
2, 107663000
2, 106067000
2, 106365000
3, 102942000
3, 103046000
3, 103213000
3, 103965000
3, 103212000
3, 102773000
3, 102876000
3, 102911000
3, 102780000
3, 103229000
4, 104563000
4, 106294000
4, 108480000
4, 103183000
4, 103145000
4, 106270000
4, 102852000
4, 105244000
4, 103029000
4, 106074000
5, 103161000
5, 105529000
5, 104410000
5, 102859000
5, 103747000
5, 106183000
5, 103296000
5, 102787000
5, 102856000
5, 103625000
6, 105877000
6, 104139000
6, 102966000
6, 102832000
6, 102798000
6, 102777000
6, 102811000
6, 103234000
6, 106629000
6, 104368000
7, 102900000
7, 104007000
7, 102870000
7, 105841000
7, 113212000
7, 106523000
7, 105439000
7, 103839000
7, 102772000
7, 102971000
8, 102759000
8, 104204000
8, 102937000
8, 102865000
8, 103401000
8, 102848000
8, 102711000
8, 104489000
8, 103812000
8, 103072000
9, 104700000
9, 102934000
9, 102722000
9, 103054000
9, 104311000
9, 103129000
9, 102802000
9, 102754000
9, 104384000
9, 102740000
10, 104864000
10, 102747000
10, 102742000
10, 103078000
10, 106547000
10, 103898000
10, 103061000
10, 103678000
10, 103029000
10, 103838000
11, 108006000
11, 102875000
11, 105516000
11, 103108000
11, 103093000
11, 103246000
11, 103015000
11, 103936000
11, 106565000
11, 104124000
12, 104404000
12, 104319000
12, 107470000
12, 103022000
12, 104520000
12, 102824000
12, 102751000
12, 102993000
12, 102746000
12, 103365000
13, 102707000
13, 102845000
13, 106649000
13, 103440000
13, 103552000
13, 103139000
13, 103873000
13, 104261000
13, 103822000
13, 103674000
14, 107260000
14, 103308000
14, 103000000
14, 103121000
14, 103059000
14, 104707000
14, 104687000
14, 102807000
14, 103009000
14, 102715000
15, 102876000
15, 103173000
15, 103276000
15, 106926000
15, 102910000
15, 102804000
15, 105236000
15, 103217000
15, 104292000
15, 102927000
16, 102805000
16, 107532000
16, 103076000
16, 102752000
16, 109944000
16, 103926000
16, 103416000
16, 104001000
16, 103163000
16, 102778000
17, 105134000
17, 104070000
17, 105645000
17, 102899000
17, 103095000
17, 103805000
17, 104067000
17, 103248000
17, 102780000
17, 103094000
18, 105703000
18, 107670000
18, 103657000
18, 103105000
18, 105703000
18, 103437000
18, 102950000
18, 103048000
18, 102749000
18, 102806000
19, 102753000
19, 102824000
19, 104787000
19, 102827000
19, 103184000
19, 104032000
19, 104716000
19, 102959000
19, 102810000
19, 103162000
20, 106890000
20, 103419000
20, 107320000
20, 105568000
20, 103956000
20, 102935000
20, 104594000
20, 103207000
20, 102977000
20, 113543000
21, 105736000
21, 102873000
21, 103532000
21, 103711000
21, 108481000
21, 105530000
21, 103162000
21, 102939000
21, 102783000
21, 103118000
22, 102862000
22, 103318000
22, 105289000
22, 103948000
22, 102852000
22, 104556000
22, 102971000
22, 103550000
22, 107565000
22, 103067000
23, 102956000
23, 106250000
23, 107179000
23, 104589000
23, 104418000
23, 103756000
23, 104358000
23, 104873000
23, 104409000
23, 102950000
24, 102799000
24, 102889000
24, 107545000
24, 103018000
24, 104293000
24, 103009000
24, 102825000
24, 107208000
24, 103176000
24, 102879000
25, 102890000
25, 103627000
25, 104913000
25, 103024000
25, 104354000
25, 102844000
25, 102915000
25, 106939000
25, 106147000
25, 103833000
26, 102947000
26, 103964000
26, 102887000
26, 102883000
26, 102887000
26, 102837000
26, 102801000
26, 102832000
26, 106002000
26, 103022000
27, 102796000
27, 104474000
27, 102994000
27, 105546000
27, 103064000
27, 102983000
27, 102836000
27, 103320000
27, 103872000
27, 102980000
28, 105626000
28, 105614000
28, 102925000
28, 104952000
28, 103687000
28, 102951000
28, 102838000
28, 103309000
28, 103221000
28, 102958000
29, 104532000
29, 103085000
29, 106303000
29, 103391000
29, 106844000
29, 102947000
29, 106306000
29, 103033000
29, 103213000
29, 103137000
30, 107069000
30, 102785000
30, 103000000
30, 102791000
30, 102962000
30, 102945000
30, 103238000
30, 104436000
30, 102924000
30, 103253000
31, 102759000
31, 102575000
31, 103278000
31, 102947000
31, 107431000
31, 102845000
31, 103262000
31, 102984000
31, 106945000
31, 106474000
32, 105794000
32, 104121000
32, 102890000
32, 102844000
32, 102900000
32, 103447000
32, 103646000
32, 102402000
32, 103746000
32, 105114000
33, 102887000
33, 103055000
33, 102929000
33, 102848000
33, 107938000
33, 106476000
33, 104032000
33, 103116000
33, 103886000
33, 102959000
34, 102828000
34, 103423000
34, 103149000
34, 103253000
34, 107440000
34, 107308000
34, 103131000
34, 106116000
34, 109194000
34, 104840000
35, 102997000
35, 102791000
35, 102876000
35, 106723000
35, 106780000
35, 109638000
35, 108400000
35, 103260000
35, 102920000
35, 103630000
36, 102896000
36, 102769000
36, 102959000
36, 103609000
36, 104411000
36, 102794000
36, 102927000
36, 102910000
36, 102589000
36, 103768000
37, 103391000
37, 102811000
37, 103377000
37, 105839000
37, 103068000
37, 103586000
37, 102944000
37, 106464000
37, 102866000
37, 104395000
38, 103446000
38, 103239000
38, 103017000
38, 106542000
38, 103024000
38, 103622000
38, 108453000
38, 103186000
38, 104616000
38, 103185000
39, 103439000
39, 102995000
39, 102898000
39, 103372000
39, 103056000
39, 103482000
39, 103917000
39, 110435000
39, 105100000
39, 103061000
40, 103208000
40, 103152000
40, 105567000
40, 103166000
40, 102898000
40, 103307000
40, 105048000
40, 105209000
40, 108822000
40, 102863000
41, 103292000
41, 102995000
41, 107064000
41, 103852000
41, 102849000
41, 103607000
41, 104893000
41, 102965000
41, 102806000
41, 102823000
42, 103007000
42, 103075000
42, 102975000
42, 103159000
42, 102835000
42, 104602000
42, 106156000
42, 104206000
42, 103139000
42, 103026000
43, 102903000
43, 104018000
43, 103189000
43, 102977000
43, 103491000
43, 104484000
43, 104584000
43, 103218000
43, 102845000
43, 103006000
44, 108240000
44, 104103000
44, 103228000
44, 102955000
44, 106582000
44, 103103000
44, 104647000
44, 103394000
44, 105082000
44, 102995000
45, 105985000
45, 103484000
45, 103135000
45, 102860000
45, 106402000
45, 102855000
45, 104555000
45, 102981000
45, 102887000
45, 103066000
46, 102876000
46, 109755000
46, 103945000
46, 109906000
46, 103245000
46, 103524000
46, 102969000
46, 102888000
46, 107122000
46, 103204000
47, 103355000
47, 103351000
47, 107473000
47, 103855000
47, 115269000
47, 104454000
47, 103823000
47, 103063000
47, 102884000
47, 106337000
48, 103041000
48, 105712000
48, 104479000
48, 103153000
48, 104369000
48, 104060000
48, 104151000
48, 108007000
48, 103177000
48, 110078000
49, 103914000
49, 102735000
49, 107808000
49, 103030000
49, 102924000
49, 102906000
49, 102820000
49, 103104000
49, 102919000
49, 103053000
50, 103327000
50, 106661000
50, 104990000
50, 108103000
50, 103106000
50, 106786000
50, 102827000
50, 107648000
50, 103014000
50, 103421000
51, 102871000
51, 106313000
51, 107382000
51, 104665000
51, 102892000
51, 103048000
51, 104572000
51, 105420000
51, 103143000
51, 103287000
52, 103655000
52, 106989000
52, 104403000
52, 103225000
52, 103032000
52, 102763000
52, 103017000
52, 103315000
52, 103062000
52, 102939000
53, 103633000
53, 102923000
53, 108584000
53, 103099000
53, 109744000
53, 104815000
53, 103400000
53, 103569000
53, 103169000
53, 105247000
54, 104470000
54, 106786000
54, 104313000
54, 103069000
54, 102972000
54, 102874000
54, 108556000
54, 103390000
54, 103425000
54, 102857000
55, 102872000
55, 104513000
55, 103439000
55, 103279000
55, 102909000
55, 102894000
55, 105602000
55, 103029000
55, 103346000
55, 106532000
56, 106853000
56, 104440000
56, 103126000
56, 106063000
56, 102934000
56, 104007000
56, 106944000
56, 103077000
56, 102882000
56, 104837000
57, 102843000
57, 102980000
57, 102929000
57, 102904000
57, 102831000
57, 108074000
57, 102897000
57, 102649000
57, 105112000
57, 102676000
58, 104267000
58, 102563000
58, 102610000
58, 102876000
58, 106169000
58, 103012000
58, 102781000
58, 102548000
58, 103654000
58, 102618000
59, 105732000
59, 102656000
59, 104539000
59, 104683000
59, 108972000
59, 106899000
59, 102623000
59, 103403000
59, 103923000
59, 104609000
60, 102915000
60, 102869000
60, 102704000
60, 102748000
60, 103158000
60, 102701000
60, 102570000
60, 102974000
60, 102715000
60, 112733000
61, 102664000
61, 103048000
61, 102730000
61, 107176000
61, 103038000
61, 102738000
61, 102583000
61, 104542000
61, 104310000
61, 103763000
62, 102998000
62, 105206000
62, 102634000
62, 104644000
62, 103299000
62, 105098000
62, 103294000
62, 108993000
62, 111077000
62, 105879000
63, 102950000
63, 102863000
63, 104115000
63, 102680000
63, 103673000
63, 102590000
63, 109037000
63, 102895000
63, 107133000
63, 102879000
64, 103262000
64, 102621000
64, 103410000
64, 106988000
64, 103459000
64, 103133000
64, 103658000
64, 102745000
64, 102937000
64, 102885000
65, 102888000
65, 102877000
65, 105623000
65, 102801000
65, 102824000
65, 104408000
65, 103382000
65, 107350000
65, 103226000
65, 108840000
66, 102936000
66, 105411000
66, 105518000
66, 103008000
66, 102723000
66, 103404000
66, 102963000
66, 103278000
66, 102889000
66, 103166000
67, 104362000
67, 103566000
67, 104379000
67, 102927000
67, 103074000
67, 102902000
67, 103475000
67, 103308000
67, 102602000
67, 103836000
68, 102957000
68, 104992000
68, 103768000
68, 102991000
68, 103769000
68, 104978000
68, 109107000
68, 106239000
68, 103017000
68, 102841000
69, 107346000
69, 102726000
69, 107718000
69, 102788000
69, 104288000
69, 103584000
69, 105495000
69, 102785000
69, 105632000
69, 105188000
70, 106221000
70, 103235000
70, 102898000
70, 105110000
70, 104421000
70, 105092000
70, 102501000
70, 104986000
70, 103385000
70, 102822000
71, 103518000
71, 104125000
71, 102644000
71, 103792000
71, 102681000
71, 104007000
71, 103596000
71, 103474000
71, 102722000
71, 103071000
72, 106590000
72, 104165000
72, 103372000
72, 103873000
72, 102891000
72, 103620000
72, 104145000
72, 102724000
72, 102690000
72, 102799000
73, 102790000
73, 106719000
73, 104816000
73, 103000000
73, 103455000
73, 103615000
73, 104088000
73, 102575000
73, 102774000
73, 102670000
74, 102843000
74, 103044000
74, 102908000
74, 102565000
74, 106860000
74, 102871000
74, 106967000
74, 102613000
74, 108243000
74, 102726000
75, 103485000
75, 104266000
75, 102881000
75, 104261000
75, 103894000
75, 103801000
75, 106270000
75, 103179000
75, 107990000
75, 103526000
76, 107019000
76, 103273000
76, 105434000
76, 104287000
76, 105621000
76, 103412000
76, 102639000
76, 103810000
76, 107008000
76, 103320000
77, 103162000
77, 103958000
77, 103426000
77, 103926000
77, 102939000
77, 103988000
77, 102647000
77, 106754000
77, 105588000
77, 103664000
78, 103073000
78, 102597000
78, 103112000
78, 106332000
78, 103307000
78, 102539000
78, 102706000
78, 103674000
78, 105273000
78, 104241000
79, 103105000
79, 102855000
79, 104821000
79, 102773000
79, 102724000
79, 102760000
79, 105145000
79, 108642000
79, 103261000
79, 103007000
80, 103705000
80, 103074000
80, 104726000
80, 103012000
80, 102867000
80, 103669000
80, 105319000
80, 102944000
80, 106747000
80, 103454000
81, 102945000
81, 103089000
81, 102870000
81, 102959000
81, 102959000
81, 102961000
81, 102964000
81, 103555000
81, 103308000
81, 103315000
82, 102686000
82, 111277000
82, 104255000
82, 103340000
82, 102628000
82, 103200000
82, 106989000
82, 102901000
82, 104488000
82, 103076000
83, 104777000
83, 109009000
83, 106052000
83, 103225000
83, 102685000
83, 102831000
83, 102836000
83, 106571000
83, 103927000
83, 102652000
84, 107862000
84, 109555000
84, 106339000
84, 103012000
84, 102941000
84, 102849000
84, 103714000
84, 104317000
84, 103609000
84, 102966000
85, 103538000
85, 106160000
85, 102908000
85, 102931000
85, 102944000
85, 103660000
85, 102763000
85, 103255000
85, 103034000
85, 104044000
86, 106240000
86, 103239000
86, 102806000
86, 103334000
86, 109214000
86, 103290000
86, 103604000
86, 104013000
86, 103150000
86, 104062000
87, 102860000
87, 102878000
87, 102974000
87, 102887000
87, 103511000
87, 103509000
87, 103052000
87, 103446000
87, 103407000
87, 108788000
88, 107118000
88, 102725000
88, 102836000
88, 102789000
88, 103049000
88, 107055000
88, 104419000
88, 102899000
88, 102688000
88, 103773000
89, 103701000
89, 102661000
89, 102708000
89, 106587000
89, 103036000
89, 103050000
89, 102751000
89, 103802000
89, 102951000
89, 104490000
90, 106201000
90, 104749000
90, 109621000
90, 105134000
90, 103148000
90, 104670000
90, 103363000
90, 103456000
90, 102611000
90, 102963000
91, 103234000
91, 102775000
91, 102924000
91, 102691000
91, 103119000
91, 103319000
91, 102705000
91, 104630000
91, 106771000
91, 103222000
92, 103057000
92, 102814000
92, 102672000
92, 102701000
92, 104248000
92, 104039000
92, 102913000
92, 102920000
92, 103214000
92, 102693000
93, 106649000
93, 106940000
93, 105630000
93, 102716000
93, 103905000
93, 103214000
93, 104133000
93, 102662000
93, 104939000
93, 102724000
94, 103665000
94, 102799000
94, 102747000
94, 102799000
94, 104414000
94, 103709000
94, 104145000
94, 103992000
94, 104745000
94, 102870000
95, 103844000
95, 106293000
95, 103586000
95, 105183000
95, 103324000
95, 103230000
95, 102855000
95, 102930000
95, 103016000
95, 103384000
96, 102921000
96, 103050000
96, 102860000
96, 103122000
96, 102851000
96, 103960000
96, 106965000
96, 102871000
96, 102865000
96, 102884000
97, 102972000
97, 103049000
97, 102968000
97, 103400000
97, 102706000
97, 103575000
97, 103198000
97, 105265000
97, 102717000
97, 102997000
98, 109009000
98, 103692000
98, 104772000
98, 102590000
98, 102990000
98, 103986000
98, 104608000
98, 102586000
98, 102714000
98, 102706000
99, 102778000
99, 107250000
99, 103696000
99, 105538000
99, 104089000
99, 102803000
99, 104878000
99, 102862000
99, 102937000
99, 102651000
100, 102929000
100, 103412000
100, 105608000
100, 104803000
100, 104352000
100, 104626000
100, 105118000
100, 103253000
100, 102743000
100, 104844000
