0, 106233600
0, 104448600
0, 103883800
0, 102434200
0, 102401100
0, 102454500
0, 102459200
0, 106018800
0, 102970900
0, 102441100
1, 106445800
1, 103321800
1, 102848800
1, 102454600
1, 102502200
1, 102914500
1, 102522200
1, 102491700
1, 102832100
1, 103190900
2, 103446700
2, 102452700
2, 102455700
2, 103024300
2, 102702600
2, 102342300
2, 102389800
2, 102473300
2, 102392500
2, 103108200
3, 106039700
3, 103104000
3, 102524400
3, 102421300
3, 102717600
3, 102388200
3, 102472400
3, 102491100
3, 106072200
3, 102559300
4, 105628900
4, 102502100
4, 102478000
4, 102424400
4, 102932300
4, 105193300
4, 102493000
4, 103016900
4, 102882600
4, 102544600
5, 103501100
5, 104831200
5, 102485900
5, 102488600
5, 102435600
5, 102471400
5, 102448200
5, 102548600
5, 107758000
5, 102507700
6, 102475400
6, 102518600
6, 102382600
6, 102442500
6, 105548400
6, 103179700
6, 103165600
6, 103402000
6, 102508400
6, 102600100
7, 102595000
7, 103193900
7, 103345700
7, 103357500
7, 103128100
7, 102549200
7, 102420100
7, 103023100
7, 103686200
7, 105539800
8, 102883500
8, 102362800
8, 102438900
8, 102519800
8, 106527300
8, 102471300
8, 102684800
8, 106214200
8, 106707700
8, 102404500
9, 102557600
9, 102407800
9, 102445600
9, 102408000
9, 102608600
9, 102385300
9, 103259500
9, 103236500
9, 102430400
9, 102370000
10, 104524800
10, 102781300
10, 106350600
10, 105461100
10, 102474000
10, 102424900
10, 103321900
10, 102949800
10, 109977300
10, 102609100
11, 102507100
11, 102478200
11, 102492800
11, 102420400
11, 102473200
11, 102441200
11, 104950900
11, 102684700
11, 102471100
11, 102709400
12, 102547900
12, 103315900
12, 103763400
12, 104682200
12, 102526300
12, 102464600
12, 102426300
12, 102471100
12, 102424800
12, 106356300
13, 102568900
13, 102480000
13, 105561800
13, 103002800
13, 102445500
13, 102921600
13, 104275900
13, 102490500
13, 102438800
13, 102387100
14, 105551400
14, 102535700
14, 105859100
14, 102399200
14, 102931300
14, 102929400
14, 102761900
14, 102477600
14, 102477300
14, 102361200
15, 102673100
15, 102409100
15, 105657100
15, 102417800
15, 103059400
15, 102907300
15, 102741800
15, 102153700
15, 102913900
15, 104367500
16, 102570900
16, 102411800
16, 102602900
16, 102393200
16, 102734400
16, 102713200
16, 102489300
16, 102176200
16, 102195300
16, 102567200
17, 103034300
17, 102235500
17, 102178400
17, 103097200
17, 103775900
17, 103237300
17, 102402400
17, 102225600
17, 102207200
17, 104016800
18, 103093700
18, 106235300
18, 102173400
18, 102256800
18, 102521300
18, 102796600
18, 106557500
18, 103320400
18, 106686200
18, 102291700
19, 102654500
19, 103074500
19, 102442400
19, 103186700
19, 102569100
19, 102312400
19, 102156600
19, 102227300
19, 103684700
19, 102474600
20, 102503100
20, 102437200
20, 102425700
20, 102433500
20, 102446200
20, 102456800
20, 103253100
20, 102233700
20, 102310200
20, 102274100
21, 106795800
21, 102191200
21, 102245400
21, 102737600
21, 102763600
21, 105958500
21, 104793300
21, 102717300
21, 105580400
21, 104244800
22, 106634000
22, 102190400
22, 102283900
22, 102784700
22, 102841000
22, 102194200
22, 102210400
22, 102163400
22, 102225400
22, 102216200
23, 102972300
23, 105957400
23, 104799100
23, 102976700
23, 102238700
23, 103108000
23, 102409900
23, 103905100
23, 102435300
23, 102309900
24, 103024700
24, 102206700
24, 102520300
24, 102484700
24, 102233600
24, 103285000
24, 102408700
24, 103172100
24, 105177300
24, 104257600
25, 103076000
25, 102190300
25, 102531900
25, 103221600
25, 104241600
25, 102200000
25, 102275400
25, 102262000
25, 102216400
25, 106013100
26, 102995000
26, 102263000
26, 102336000
26, 102259600
26, 102329700
26, 105745200
26, 102578400
26, 102257600
26, 102324400
26, 102306400
27, 103270000
27, 102684400
27, 105566000
27, 102229100
27, 102375200
27, 102225500
27, 102213400
27, 102332400
27, 105081200
27, 104189700
28, 106371800
28, 102233300
28, 102900600
28, 102259600
28, 102383800
28, 102195100
28, 102218700
28, 102225700
28, 102190900
28, 102240600
29, 103298400
29, 103551300
29, 103097600
29, 102310000
29, 102934500
29, 104236500
29, 105949300
29, 106050800
29, 105362500
29, 102240400
30, 103022300
30, 102525000
30, 102294000
30, 105701500
30, 106019300
30, 102250500
30, 102258400
30, 102253400
30, 102158500
30, 104377000
31, 106524300
31, 103197100
31, 102429400
31, 102441000
31, 102467200
31, 102841700
31, 102198100
31, 104146200
31, 102160700
31, 105740700
32, 102918400
32, 103200000
32, 104523000
32, 104817300
32, 102289200
32, 102214200
32, 102227900
32, 102243600
32, 102219500
32, 102217500
33, 103615900
33, 106117700
33, 102245200
33, 104727900
33, 102418600
33, 102180800
33, 102252400
33, 102233600
33, 104960100
33, 105940300
34, 103199100
34, 102176500
34, 103140800
34, 102447300
34, 102410200
34, 102408000
34, 102395100
34, 102428400
34, 102946700
34, 102210500
35, 103387800
35, 102270500
35, 102244400
35, 102266900
35, 102305200
35, 102238900
35, 105671100
35, 103484300
35, 103543000
35, 102501800
36, 102649200
36, 102454700
36, 106668300
36, 102491100
36, 102443400
36, 103148500
36, 102194800
36, 102198200
36, 106090600
36, 103049800
37, 102343000
37, 102952100
37, 102403400
37, 103358000
37, 102184700
37, 102364700
37, 103890600
37, 102283200
37, 102217300
37, 102827100
38, 103101900
38, 102216500
38, 102178500
38, 102252800
38, 102149800
38, 102262000
38, 102408100
38, 106474300
38, 105977700
38, 102242500
39, 103624400
39, 102512800
39, 102668200
39, 102472400
39, 102467500
39, 106123700
39, 102912200
39, 106231600
39, 106032900
39, 102581500
40, 106245100
40, 105565900
40, 102548700
40, 102436600
40, 102475200
40, 102497100
40, 102892400
40, 105190700
40, 102598700
40, 105809800
41, 103922700
41, 102688200
41, 102575800
41, 102446900
41, 102818100
41, 108542000
41, 102351600
41, 104734700
41, 102947800
41, 102460600
42, 102300500
42, 105437900
42, 102221800
42, 104268400
42, 102205800
42, 102291800
42, 102196300
42, 104820000
42, 103231300
42, 107138700
43, 104700000
43, 102663500
43, 102453500
43, 102738100
43, 108949100
43, 102285800
43, 106031400
43, 102711000
43, 104787400
43, 102419300
44, 110429600
44, 104943000
44, 105231100
44, 102210000
44, 102250700
44, 108242600
44, 107223800
44, 102453400
44, 102454300
44, 102466100
45, 103358900
45, 102351100
45, 102198300
45, 105313400
45, 102283100
45, 102235600
45, 102365400
45, 102176700
45, 105184600
45, 102227800
46, 106274900
46, 102308600
46, 102253700
46, 102278600
46, 102268100
46, 102431300
46, 103139000
46, 106762400
46, 102216300
46, 102996500
47, 102661500
47, 102432500
47, 102885500
47, 104195500
47, 102222800
47, 105099300
47, 103479200
47, 103303300
47, 102203100
47, 102240300
48, 103021100
48, 103401700
48, 102241700
48, 102229500
48, 106079800
48, 102896500
48, 105850900
48, 102216000
48, 104217800
48, 104524600
49, 102264900
49, 102245200
49, 106012800
49, 102400700
49, 102228600
49, 102692800
49, 102300600
49, 102266400
49, 102202300
49, 103035100
50, 102605700
50, 102867000
50, 102427800
50, 102208600
50, 102271600
50, 102601300
50, 104331500
50, 105103500
50, 102484800
50, 102429600
51, 103596200
51, 102188700
51, 105915300
51, 102219100
51, 102373000
51, 102890700
51, 106864700
51, 105849300
51, 102487600
51, 102446200
52, 102601800
52, 102466800
52, 102459200
52, 102808400
52, 103606300
52, 102735000
52, 102283600
52, 102282600
52, 102271900
52, 102576700
53, 103079200
53, 105113000
53, 105733500
53, 102209300
53, 102544800
53, 105558900
53, 105105600
53, 102321900
53, 102287000
53, 102466100
54, 103084500
54, 102270900
54, 102500700
54, 102314900
54, 102479500
54, 105594600
54, 104886100
54, 102248400
54, 102359600
54, 105593400
55, 108400500
55, 105391200
55, 102266300
55, 104818200
55, 102290300
55, 102379100
55, 102745900
55, 102331400
55, 102541500
55, 102288000
56, 102904800
56, 102294200
56, 102248600
56, 102753000
56, 102981800
56, 102247300
56, 103011400
56, 102488300
56, 103228400
56, 102255100
57, 106533100
57, 102264700
57, 102430600
57, 102697900
57, 104883900
57, 102220300
57, 102837200
57, 102416600
57, 103100800
57, 105466300
58, 103080000
58, 105278500
58, 102644100
58, 102189900
58, 102334600
58, 102307200
58, 102409000
58, 106370900
58, 102270000
58, 102420100
59, 106141700
59, 102271100
59, 102682600
59, 102232400
59, 102307700
59, 102259000
59, 102267800
59, 102245400
59, 102340700
59, 102328400
60, 102999900
60, 103093800
60, 102696300
60, 102323300
60, 102318600
60, 102325200
60, 104210800
60, 102660300
60, 102265300
60, 106458200
61, 106488800
61, 109294400
61, 103124000
61, 105300500
61, 102872200
61, 102578700
61, 102423600
61, 102834000
61, 102546000
61, 102293800
62, 103471500
62, 102797900
62, 102839700
62, 106129500
62, 102215600
62, 102234700
62, 103647300
62, 102484100
62, 102577500
62, 104225200
63, 103644300
63, 106625800
63, 102294200
63, 102225300
63, 102303900
63, 102253900
63, 104717500
63, 102226700
63, 102340800
63, 102302800
64, 105796100
64, 102414100
64, 109345800
64, 104953200
64, 102745300
64, 105690500
64, 102588900
64, 102398900
64, 105221900
64, 103749900
65, 104144700
65, 102541000
65, 102522500
65, 102438500
65, 102566000
65, 102514600
65, 102403200
65, 103057700
65, 102257400
65, 102281200
66, 104540100
66, 102920900
66, 102210700
66, 102253800
66, 102302100
66, 102258100
66, 102223300
66, 102243100
66, 106359400
66, 102557200
67, 105490500
67, 102263900
67, 104235100
67, 102301000
67, 102780100
67, 102828000
67, 102173100
67, 102326600
67, 102830300
67, 102850700
68, 103235400
68, 102283100
68, 102214000
68, 102326700
68, 102435800
68, 102216200
68, 102210000
68, 104509400
68, 102260100
68, 103094500
69, 102933600
69, 102209600
69, 103049700
69, 102611700
69, 103388300
69, 102221400
69, 102206800
69, 103183200
69, 103060700
69, 102993700
70, 102568100
70, 105582500
70, 105085700
70, 102549200
70, 106179300
70, 102188700
70, 102288600
70, 104530700
70, 106368200
70, 103132200
71, 103205700
71, 102227400
71, 102324300
71, 102328000
71, 103661300
71, 104603300
71, 102544000
71, 103341500
71, 106402300
71, 108207400
72, 102706400
72, 102657700
72, 102487900
72, 103528500
72, 102898700
72, 102295700
72, 102579500
72, 102593100
72, 103425800
72, 102265800
73, 106040400
73, 105612300
73, 102402100
73, 104785400
73, 102193300
73, 103389400
73, 102502400
73, 102614500
73, 102815400
73, 106024000
74, 103187000
74, 102548100
74, 102577900
74, 102834400
74, 102516500
74, 102543300
74, 107114900
74, 102935500
74, 105322000
74, 106071500
75, 103414500
75, 102569500
75, 102731800
75, 102709000
75, 102536600
75, 102542700
75, 103416500
75, 103027400
75, 102840100
75, 102627900
76, 103173200
76, 104442700
76, 105396300
76, 102518000
76, 102538600
76, 104461100
76, 102614600
76, 102944800
76, 102589000
76, 105638100
77, 103295200
77, 102567200
77, 102705800
77, 102503200
77, 102483300
77, 102788500
77, 102640400
77, 102764300
77, 105898400
77, 105777500
78, 106486900
78, 102516100
78, 102534800
78, 102557900
78, 106003700
78, 102604200
78, 103048300
78, 106781400
78, 104262800
78, 102534200
79, 102596400
79, 102496500
79, 105883600
79, 104775100
79, 102449400
79, 102594700
79, 102953600
79, 102620300
79, 102781400
79, 106684100
80, 103297200
80, 102959200
80, 102611600
80, 102525000
80, 104516300
80, 102536700
80, 105622500
80, 103093700
80, 102488300
80, 102502900
81, 106564700
81, 104584200
81, 102628300
81, 102507300
81, 102561300
81, 102969600
81, 103303200
81, 102524200
81, 102437100
81, 102494300
82, 103394900
82, 102502900
82, 105856200
82, 109226400
82, 102609200
82, 102879200
82, 106131200
82, 110634900
82, 102532100
82, 102486800
83, 103240200
83, 102576800
83, 102542000
83, 107551900
83, 102536000
83, 102923900
83, 104804300
83, 106065200
83, 102557000
83, 102607400
84, 103432300
84, 102544100
84, 106213400
84, 102565700
84, 102919600
84, 103374800
84, 102552000
84, 102488300
84, 102527700
84, 102886300
85, 103434100
85, 105238800
85, 102608800
85, 103114600
85, 106531300
85, 102569700
85, 102507400
85, 102443000
85, 102468200
85, 102546800
86, 103485800
86, 102567400
86, 104582300
86, 103032900
86, 106001500
86, 104455600
86, 102527000
86, 102456900
86, 102527600
86, 102492500
87, 105761800
87, 102458700
87, 102606700
87, 102998300
87, 103276100
87, 102571100
87, 102697900
87, 102557400
87, 102525300
87, 102456000
88, 103513000
88, 105315200
88, 104852800
88, 108594800
88, 102672100
88, 102558300
88, 102487900
88, 102515800
88, 102518700
88, 107832300
89, 103398500
89, 102624300
89, 102635800
89, 102835600
89, 106109500
89, 104721200
89, 102464500
89, 102564600
89, 102569600
89, 102523500
90, 103296900
90, 105336200
90, 102529500
90, 103269100
90, 105983000
90, 105742900
90, 102513400
90, 102530100
90, 102417200
90, 102512300
91, 104280800
91, 102929700
91, 104806000
91, 102626500
91, 105808600
91, 105865900
91, 102521700
91, 102480200
91, 102547200
91, 102687100
92, 104179300
92, 102619000
92, 102919000
92, 102560000
92, 102668900
92, 102476500
92, 102462100
92, 102487900
92, 102447500
92, 102568600
93, 103747000
93, 102486800
93, 106183400
93, 102650400
93, 104684100
93, 102439800
93, 102775200
93, 102791900
93, 102546500
93, 103055500
94, 105884700
94, 102967000
94, 106939200
94, 105275000
94, 102544900
94, 102603900
94, 102919200
94, 102514000
94, 102510800
94, 102795100
95, 103348900
95, 103043700
95, 106816400
95, 103256400
95, 102165900
95, 102223000
95, 102184900
95, 102976400
95, 102529000
95, 104605500
96, 105523800
96, 103189400
96, 104968100
96, 105384100
96, 102599100
96, 102543100
96, 102481600
96, 102571000
96, 102498700
96, 102575200
97, 103340400
97, 106596300
97, 107939000
97, 102711300
97, 102515900
97, 102432000
97, 102527900
97, 102488600
97, 106478700
97, 102696000
98, 104034400
98, 102824900
98, 104602200
98, 102727800
98, 102563300
98, 102494700
98, 102536700
98, 102500300
98, 103306900
98, 102543200
99, 103692100
99, 102577700
99, 102696400
99, 102538000
99, 102578500
99, 102862700
99, 106008200
99, 102535200
99, 105788200
99, 102545600
100, 103600700
100, 104896200
100, 106732000
100, 106364500
100, 102496200
100, 102530600
100, 102531600
100, 102810900
100, 102759600
100, 103087600
