0, 103686000
0, 103582000
0, 103146000
0, 107229000
0, 102978000
0, 103058000
0, 103050000
0, 102979000
0, 102910000
0, 102930000
1, 106567000
1, 103483000
1, 105568000
1, 103929000
1, 106123000
1, 103962000
1, 103269000
1, 105435000
1, 106171000
1, 102987000
2, 106161000
2, 102954000
2, 103553000
2, 103597000
2, 102891000
2, 102918000
2, 103328000
2, 103692000
2, 102996000
2, 102915000
3, 104438000
3, 103327000
3, 104791000
3, 102956000
3, 103058000
3, 103008000
3, 103103000
3, 102977000
3, 105071000
3, 103030000
4, 103836000
4, 110103000
4, 103124000
4, 102929000
4, 102881000
4, 102937000
4, 103162000
4, 103041000
4, 102899000
4, 103743000
5, 104403000
5, 106462000
5, 104754000
5, 102928000
5, 102874000
5, 103115000
5, 109838000
5, 106626000
5, 103048000
5, 103286000
6, 107181000
6, 103149000
6, 102906000
6, 103566000
6, 102723000
6, 102670000
6, 102875000
6, 102700000
6, 105981000
6, 103638000
7, 103162000
7, 104267000
7, 102928000
7, 102944000
7, 103005000
7, 104956000
7, 103423000
7, 103438000
7, 103317000
7, 102968000
8, 106240000
8, 102706000
8, 102995000
8, 106312000
8, 103434000
8, 106770000
8, 103034000
8, 103143000
8, 103118000
8, 103202000
9, 103311000
9, 102932000
9, 104716000
9, 102932000
9, 102953000
9, 103628000
9, 104535000
9, 102692000
9, 102697000
9, 103933000
10, 103625000
10, 103277000
10, 103557000
10, 102909000
10, 102953000
10, 103399000
10, 103402000
10, 104200000
10, 102684000
10, 103090000
11, 103040000
11, 104027000
11, 105265000
11, 102786000
11, 103750000
11, 104063000
11, 103256000
11, 104049000
11, 102914000
11, 103577000
12, 103043000
12, 102939000
12, 102868000
12, 102966000
12, 105700000
12, 102529000
12, 103017000
12, 103110000
12, 107555000
12, 103691000
13, 103106000
13, 102879000
13, 103718000
13, 102681000
13, 102653000
13, 105699000
13, 103587000
13, 104097000
13, 107738000
13, 102959000
14, 103979000
14, 105402000
14, 103396000
14, 105528000
14, 102904000
14, 103036000
14, 103251000
14, 103840000
14, 102977000
14, 103685000
15, 107515000
15, 102670000
15, 102611000
15, 102611000
15, 102687000
15, 102742000
15, 102609000
15, 102843000
15, 103316000
15, 104186000
16, 103405000
16, 102650000
16, 102704000
16, 102647000
16, 102607000
16, 103110000
16, 102660000
16, 114891000
16, 102814000
16, 102952000
17, 103333000
17, 104871000
17, 102789000
17, 105971000
17, 102785000
17, 102740000
17, 103484000
17, 102801000
17, 102647000
17, 103107000
18, 103401000
18, 102670000
18, 102775000
18, 102800000
18, 103054000
18, 102644000
18, 102881000
18, 103925000
18, 103530000
18, 103295000
19, 103418000
19, 102673000
19, 102738000
19, 104745000
19, 103106000
19, 104749000
19, 103722000
19, 102637000
19, 102893000
19, 102751000
20, 103368000
20, 102657000
20, 104724000
20, 103474000
20, 103555000
20, 106379000
20, 102944000
20, 107578000
20, 102781000
20, 102755000
21, 103457000
21, 103217000
21, 104244000
21, 102887000
21, 108998000
21, 106034000
21, 103576000
21, 106156000
21, 102863000
21, 103778000
22, 107000000
22, 102732000
22, 103224000
22, 103119000
22, 103625000
22, 103122000
22, 102626000
22, 102826000
22, 102651000
22, 102868000
23, 103396000
23, 102745000
23, 106667000
23, 106964000
23, 103568000
23, 103291000
23, 104942000
23, 102890000
23, 103308000
23, 102789000
24, 103390000
24, 102712000
24, 103393000
24, 103338000
24, 107447000
24, 102738000
24, 103826000
24, 102881000
24, 103318000
24, 102782000
25, 103739000
25, 107114000
25, 104555000
25, 105576000
25, 103092000
25, 103544000
25, 102788000
25, 102866000
25, 102642000
25, 103630000
26, 103093000
26, 103023000
26, 102891000
26, 106406000
26, 104618000
26, 103677000
26, 102649000
26, 102744000
26, 102662000
26, 105102000
27, 103648000
27, 103604000
27, 102971000
27, 103060000
27, 102859000
27, 107878000
27, 103218000
27, 103946000
27, 102724000
27, 105608000
28, 103973000
28, 102706000
28, 103563000
28, 105554000
28, 103411000
28, 102855000
28, 102631000
28, 102654000
28, 102694000
28, 102756000
29, 106415000
29, 104875000
29, 106613000
29, 103378000
29, 103049000
29, 102881000
29, 102901000
29, 102872000
29, 103037000
29, 102693000
30, 103858000
30, 102620000
30, 103107000
30, 102873000
30, 103104000
30, 103113000
30, 102682000
30, 102668000
30, 102758000
30, 104585000
31, 103609000
31, 103467000
31, 105882000
31, 102932000
31, 102582000
31, 103479000
31, 102888000
31, 103339000
31, 102765000
31, 104342000
32, 105596000
32, 111534000
32, 102501000
32, 102702000
32, 102683000
32, 103713000
32, 102874000
32, 103500000
32, 105456000
32, 103726000
33, 104071000
33, 102790000
33, 102703000
33, 102723000
33, 103044000
33, 102687000
33, 103071000
33, 106442000
33, 103093000
33, 102746000
34, 106302000
34, 106693000
34, 104968000
34, 102856000
34, 102817000
34, 102627000
34, 102674000
34, 102818000
34, 110343000
34, 102660000
35, 104360000
35, 102671000
35, 106621000
35, 106184000
35, 102667000
35, 102624000
35, 103452000
35, 103126000
35, 103384000
35, 102980000
36, 103109000
36, 103415000
36, 102763000
36, 103171000
36, 102608000
36, 102744000
36, 102618000
36, 107934000
36, 104196000
36, 106200000
37, 103683000
37, 104017000
37, 102615000
37, 104486000
37, 102820000
37, 102754000
37, 102833000
37, 103287000
37, 102665000
37, 107303000
38, 103300000
38, 106634000
38, 104985000
38, 105477000
38, 104789000
38, 102905000
38, 103003000
38, 103023000
38, 102945000
38, 102881000
39, 103901000
39, 102856000
39, 103345000
39, 102727000
39, 102724000
39, 102828000
39, 105836000
39, 103348000
39, 107714000
39, 103532000
40, 103127000
40, 102879000
40, 103304000
40, 102662000
40, 102633000
40, 102978000
40, 109217000
40, 110292000
40, 104147000
40, 102867000
41, 103018000
41, 103492000
41, 102589000
41, 106424000
41, 106496000
41, 103171000
41, 102643000
41, 103846000
41, 106133000
41, 105801000
42, 103039000
42, 102845000
42, 102797000
42, 103497000
42, 104936000
42, 103539000
42, 102886000
42, 103084000
42, 105839000
42, 103741000
43, 103340000
43, 102794000
43, 102680000
43, 102674000
43, 104701000
43, 102883000
43, 103563000
43, 102740000
43, 105362000
43, 106253000
44, 103558000
44, 102795000
44, 102932000
44, 105132000
44, 103062000
44, 103300000
44, 104821000
44, 103250000
44, 102899000
44, 103006000
45, 103826000
45, 103842000
45, 103034000
45, 102928000
45, 105591000
45, 103694000
45, 103998000
45, 102651000
45, 103547000
45, 102981000
46, 106228000
46, 102994000
46, 103562000
46, 103100000
46, 105326000
46, 103300000
46, 103152000
46, 102995000
46, 102885000
46, 102951000
47, 104213000
47, 103242000
47, 102726000
47, 103591000
47, 105080000
47, 105610000
47, 102709000
47, 103681000
47, 102898000
47, 102914000
48, 103025000
48, 103429000
48, 103411000
48, 103220000
48, 103293000
48, 102825000
48, 102774000
48, 102771000
48, 102686000
48, 103269000
49, 103336000
49, 106133000
49, 103176000
49, 103685000
49, 103735000
49, 102968000
49, 103477000
49, 102572000
49, 103177000
49, 102613000
50, 103382000
50, 102670000
50, 102752000
50, 102847000
50, 109398000
50, 102654000
50, 103276000
50, 104211000
50, 104062000
50, 102927000
51, 103058000
51, 105481000
51, 103169000
51, 103019000
51, 107555000
51, 102914000
51, 103357000
51, 102673000
51, 102773000
51, 103172000
52, 103445000
52, 103909000
52, 110442000
52, 109785000
52, 105559000
52, 102762000
52, 102759000
52, 104134000
52, 102640000
52, 102893000
53, 103718000
53, 103126000
53, 105154000
53, 105152000
53, 104908000
53, 103040000
53, 102874000
53, 103721000
53, 102738000
53, 102765000
54, 104091000
54, 103360000
54, 108164000
54, 103730000
54, 102917000
54, 106403000
54, 103656000
54, 102601000
54, 102690000
54, 106279000
55, 103775000
55, 102700000
55, 105938000
55, 109731000
55, 102986000
55, 102824000
55, 103533000
55, 102974000
55, 102929000
55, 103818000
56, 102796000
56, 102792000
56, 104104000
56, 105051000
56, 102653000
56, 102734000
56, 103559000
56, 103417000
56, 102493000
56, 103110000
57, 103646000
57, 105709000
57, 102726000
57, 102722000
57, 102898000
57, 102822000
57, 103740000
57, 102907000
57, 102927000
57, 103229000
58, 103397000
58, 105842000
58, 102623000
58, 102635000
58, 102713000
58, 104959000
58, 102650000
58, 102716000
58, 103413000
58, 108083000
59, 103111000
59, 102963000
59, 106286000
59, 106574000
59, 105536000
59, 103381000
59, 102920000
59, 103017000
59, 103902000
59, 103237000
60, 106756000
60, 103020000
60, 102949000
60, 102867000
60, 102969000
60, 104359000
60, 103708000
60, 104860000
60, 103093000
60, 102667000
61, 104452000
61, 102868000
61, 102671000
61, 102742000
61, 102986000
61, 102704000
61, 102798000
61, 103524000
61, 103282000
61, 106218000
62, 105799000
62, 102721000
62, 102636000
62, 105652000
62, 106794000
62, 102777000
62, 104886000
62, 103031000
62, 102770000
62, 103622000
63, 105664000
63, 102931000
63, 102636000
63, 102953000
63, 102730000
63, 105387000
63, 102705000
63, 104519000
63, 105154000
63, 106494000
64, 105415000
64, 103954000
64, 102912000
64, 103141000
64, 103330000
64, 102950000
64, 103212000
64, 102980000
64, 103785000
64, 103143000
65, 103830000
65, 102961000
65, 103307000
65, 104182000
65, 111006000
65, 103754000
65, 103005000
65, 103051000
65, 105684000
65, 106487000
66, 104015000
66, 102463000
66, 103549000
66, 103033000
66, 102927000
66, 103313000
66, 103390000
66, 103607000
66, 103563000
66, 105476000
67, 103950000
67, 102925000
67, 103297000
67, 103034000
67, 103009000
67, 103067000
67, 104001000
67, 109281000
67, 103167000
67, 102939000
68, 103046000
68, 102940000
68, 103062000
68, 105685000
68, 106316000
68, 103636000
68, 103020000
68, 103215000
68, 102937000
68, 102939000
69, 103814000
69, 103078000
69, 103099000
69, 103039000
69, 105151000
69, 103185000
69, 103701000
69, 107421000
69, 108223000
69, 102914000
70, 103751000
70, 103170000
70, 103031000
70, 102909000
70, 106696000
70, 102967000
70, 104758000
70, 105452000
70, 103384000
70, 102948000
71, 103422000
71, 102916000
71, 103100000
71, 107257000
71, 103245000
71, 105652000
71, 105004000
71, 103002000
71, 105610000
71, 102916000
72, 103892000
72, 102982000
72, 102979000
72, 103412000
72, 102956000
72, 103703000
72, 103386000
72, 103533000
72, 102951000
72, 102981000
73, 103972000
73, 103191000
73, 103386000
73, 104268000
73, 104108000
73, 104660000
73, 103044000
73, 102995000
73, 102918000
73, 103390000
74, 103833000
74, 102954000
74, 103418000
74, 105550000
74, 103592000
74, 107027000
74, 106535000
74, 102930000
74, 102950000
74, 104138000
75, 103715000
75, 102972000
75, 103161000
75, 107796000
75, 109681000
75, 106059000
75, 102979000
75, 102902000
75, 103153000
75, 103815000
76, 103598000
76, 104862000
76, 103167000
76, 102885000
76, 103242000
76, 106260000
76, 103113000
76, 102910000
76, 103396000
76, 103681000
77, 103829000
77, 103121000
77, 102963000
77, 107433000
77, 103215000
77, 105877000
77, 102886000
77, 102935000
77, 103117000
77, 102998000
78, 103825000
78, 103153000
78, 102941000
78, 104114000
78, 106005000
78, 102951000
78, 102927000
78, 102941000
78, 103048000
78, 102964000
79, 104149000
79, 103237000
79, 105275000
79, 113697000
79, 105075000
79, 103181000
79, 102944000
79, 102907000
79, 102927000
79, 109023000
80, 105440000
80, 103476000
80, 103360000
80, 107961000
80, 105599000
80, 103546000
80, 102721000
80, 103555000
80, 103810000
80, 104894000
81, 109020000
81, 104441000
81, 105481000
81, 107061000
81, 104508000
81, 104379000
81, 104446000
81, 104522000
81, 104426000
81, 105066000
82, 108370000
82, 105564000
82, 104872000
82, 108206000
82, 104757000
82, 104343000
82, 104310000
82, 104655000
82, 104564000
82, 104575000
83, 110856000
83, 108618000
83, 106344000
83, 108743000
83, 104685000
83, 103506000
83, 103564000
83, 103070000
83, 106459000
83, 102749000
84, 103850000
84, 103046000
84, 105924000
84, 107464000
84, 103089000
84, 103107000
84, 103142000
84, 103119000
84, 103185000
84, 103207000
85, 103188000
85, 106611000
85, 102806000
85, 103584000
85, 103122000
85, 105921000
85, 103498000
85, 103355000
85, 103456000
85, 103240000
86, 103165000
86, 104036000
86, 106180000
86, 103125000
86, 106086000
86, 103115000
86, 104778000
86, 103211000
86, 103120000
86, 104002000
87, 105722000
87, 103115000
87, 103146000
87, 106927000
87, 106614000
87, 104365000
87, 104322000
87, 104677000
87, 105684000
87, 103353000
88, 108244000
88, 106380000
88, 104307000
88, 103099000
88, 106939000
88, 103120000
88, 104706000
88, 103177000
88, 107303000
88, 103410000
89, 103157000
89, 103049000
89, 104237000
89, 103087000
89, 103133000
89, 104525000
89, 103401000
89, 103112000
89, 103125000
89, 103663000
90, 103811000
90, 103384000
90, 103164000
90, 103105000
90, 103053000
90, 105136000
90, 103681000
90, 104881000
90, 103055000
90, 103104000
91, 103856000
91, 107915000
91, 103149000
91, 103059000
91, 102998000
91, 105968000
91, 102977000
91, 103015000
91, 102974000
91, 103047000
92, 103949000
92, 103236000
92, 103222000
92, 103158000
92, 104354000
92, 107505000
92, 104590000
92, 103260000
92, 106897000
92, 103104000
93, 104203000
93, 106911000
93, 107250000
93, 104432000
93, 107031000
93, 103000000
93, 103080000
93, 103070000
93, 103264000
93, 103080000
94, 104343000
94, 103221000
94, 103433000
94, 103964000
94, 103258000
94, 108184000
94, 105360000
94, 103247000
94, 104977000
94, 103582000
95, 103779000
95, 104053000
95, 103692000
95, 104120000
95, 103658000
95, 106486000
95, 104397000
95, 107236000
95, 104119000
95, 103120000
96, 103115000
96, 103138000
96, 103964000
96, 103303000
96, 103730000
96, 103819000
96, 103085000
96, 109105000
96, 103136000
96, 103125000
97, 104344000
97, 103210000
97, 104166000
97, 107832000
97, 103199000
97, 103279000
97, 108979000
97, 103392000
97, 103410000
97, 103000000
98, 103176000
98, 104059000
98, 103842000
98, 105886000
98, 106394000
98, 105962000
98, 103043000
98, 106544000
98, 103686000
98, 104499000
99, 104700000
99, 104747000
99, 102725000
99, 102747000
99, 103053000
99, 103022000
99, 103245000
99, 103391000
99, 103100000
99, 103444000
100, 104177000
100, 107942000
100, 107507000
100, 103522000
100, 103043000
100, 108055000
100, 103029000
100, 103018000
100, 103048000
100, 102988000
