0, 33702000
0, 35031000
0, 31667000
0, 31549000
0, 31392000
0, 31447000
0, 32267000
0, 31397000
0, 31295000
0, 31258000
0, 31236000
0, 31268000
0, 31181000
0, 31218000
0, 31652000
0, 32254000
0, 32199000
0, 34989000
0, 31261000
0, 31276000
0, 32239000
0, 31309000
0, 31306000
0, 31330000
0, 31326000
0, 31513000
0, 31557000
0, 31657000
0, 31479000
0, 32298000
0, 31913000
0, 31794000
0, 32104000
0, 31498000
0, 31336000
0, 31408000
0, 31324000
0, 31703000
0, 32237000
0, 31720000
0, 31693000
0, 31725000
0, 32496000
0, 32527000
0, 33003000
0, 32160000
0, 32267000
0, 31939000
0, 34124000
0, 31525000
1, 31465000
1, 32006000
1, 31369000
1, 31299000
1, 31399000
1, 31430000
1, 31403000
1, 31449000
1, 31368000
1, 31366000
1, 31397000
1, 31420000
1, 32800000
1, 33821000
1, 32099000
1, 31297000
1, 32129000
1, 31354000
1, 31542000
1, 31486000
1, 31618000
1, 31557000
1, 32020000
1, 31498000
1, 31363000
1, 31441000
1, 35340000
1, 31415000
1, 31435000
1, 31375000
1, 33359000
1, 31363000
1, 31332000
1, 31879000
1, 32431000
1, 32206000
1, 32286000
1, 31494000
1, 32008000
1, 31915000
1, 31346000
1, 31613000
1, 31545000
1, 31813000
1, 31520000
1, 31370000
1, 31375000
1, 31324000
1, 31473000
1, 31381000
2, 31602000
2, 34687000
2, 31327000
2, 31302000
2, 31365000
2, 31333000
2, 31296000
2, 31488000
2, 31492000
2, 31664000
2, 35228000
2, 31316000
2, 31349000
2, 31280000
2, 31371000
2, 32020000
2, 31284000
2, 31330000
2, 31440000
2, 31357000
2, 31344000
2, 31830000
2, 32363000
2, 31378000
2, 31359000
2, 31788000
2, 34769000
2, 31540000
2, 32186000
2, 31576000
2, 32180000
2, 31512000
2, 31368000
2, 31343000
2, 31328000
2, 31295000
2, 31313000
2, 31344000
2, 35048000
2, 31335000
2, 31397000
2, 31512000
2, 31326000
2, 31335000
2, 31334000
2, 31331000
2, 31281000
2, 33850000
2, 31406000
2, 31388000
3, 31273000
3, 31444000
3, 31315000
3, 31335000
3, 31291000
3, 31328000
3, 31428000
3, 31687000
3, 31393000
3, 31373000
3, 31324000
3, 31310000
3, 31446000
3, 31853000
3, 31694000
3, 31561000
3, 31658000
3, 32191000
3, 31473000
3, 31682000
3, 31623000
3, 31518000
3, 32616000
3, 32527000
3, 31935000
3, 31504000
3, 31634000
3, 31509000
3, 31584000
3, 31541000
3, 31590000
3, 31608000
3, 31954000
3, 32157000
3, 31586000
3, 33382000
3, 31715000
3, 31506000
3, 31940000
3, 31660000
3, 32184000
3, 32454000
3, 31870000
3, 32064000
3, 31657000
3, 32101000
3, 31983000
3, 31495000
3, 31615000
3, 31536000
4, 31446000
4, 31240000
4, 31266000
4, 31315000
4, 31190000
4, 31544000
4, 32319000
4, 32779000
4, 32520000
4, 32365000
4, 32180000
4, 34828000
4, 32848000
4, 31457000
4, 31526000
4, 31297000
4, 31307000
4, 31640000
4, 31095000
4, 31425000
4, 31642000
4, 31378000
4, 31389000
4, 32013000
4, 31406000
4, 31419000
4, 31633000
4, 31992000
4, 31358000
4, 31254000
4, 31261000
4, 31232000
4, 31463000
4, 31253000
4, 31371000
4, 31332000
4, 31327000
4, 31338000
4, 31470000
4, 31352000
4, 35853000
4, 32588000
4, 31348000
4, 32200000
4, 31300000
4, 31270000
4, 31334000
4, 31274000
4, 31300000
4, 31246000
5, 31225000
5, 31667000
5, 31335000
5, 31301000
5, 31285000
5, 31234000
5, 31232000
5, 31443000
5, 31446000
5, 31242000
5, 31240000
5, 31244000
5, 31252000
5, 31250000
5, 31251000
5, 31235000
5, 31503000
5, 31704000
5, 31819000
5, 31488000
5, 31587000
5, 31814000
5, 35536000
5, 31579000
5, 35256000
5, 31778000
5, 31579000
5, 31534000
5, 31823000
5, 31771000
5, 31761000
5, 31781000
5, 31772000
5, 33885000
5, 33392000
5, 31661000
5, 31305000
5, 31450000
5, 31785000
5, 31929000
5, 31643000
5, 31452000
5, 31369000
5, 31333000
5, 31419000
5, 31617000
5, 32178000
5, 31226000
5, 31256000
5, 31282000
6, 31522000
6, 31241000
6, 31207000
6, 31271000
6, 31252000
6, 31221000
6, 31221000
6, 31201000
6, 31204000
6, 31232000
6, 31329000
6, 31259000
6, 31216000
6, 31228000
6, 31645000
6, 31289000
6, 31279000
6, 31331000
6, 31317000
6, 31255000
6, 34841000
6, 31441000
6, 32277000
6, 32614000
6, 31514000
6, 33277000
6, 37118000
6, 32686000
6, 31535000
6, 31355000
6, 31247000
6, 31217000
6, 31296000
6, 31360000
6, 31235000
6, 32587000
6, 33099000
6, 32249000
6, 32684000
6, 36581000
6, 32928000
6, 32037000
6, 31963000
6, 31649000
6, 31890000
6, 31598000
6, 31526000
6, 31578000
6, 35077000
6, 31895000
7, 31665000
7, 31514000
7, 31549000
7, 31571000
7, 31572000
7, 31417000
7, 31469000
7, 32097000
7, 31468000
7, 31499000
7, 31476000
7, 31454000
7, 31547000
7, 31495000
7, 31540000
7, 31491000
7, 32260000
7, 32130000
7, 31334000
7, 31220000
7, 31311000
7, 31178000
7, 31218000
7, 32057000
7, 31419000
7, 31313000
7, 31172000
7, 31500000
7, 31305000
7, 31492000
7, 31574000
7, 33939000
7, 31213000
7, 31579000
7, 31271000
7, 31273000
7, 31263000
7, 31218000
7, 31220000
7, 31225000
7, 31198000
7, 31246000
7, 31270000
7, 31263000
7, 31228000
7, 31216000
7, 31297000
7, 31248000
7, 31240000
7, 31279000
8, 31243000
8, 31229000
8, 31239000
8, 31225000
8, 31254000
8, 31257000
8, 31643000
8, 31242000
8, 31349000
8, 31278000
8, 31269000
8, 33677000
8, 31364000
8, 31252000
8, 33600000
8, 32672000
8, 31301000
8, 31324000
8, 31413000
8, 31559000
8, 31156000
8, 31389000
8, 31319000
8, 32330000
8, 31356000
8, 31258000
8, 31216000
8, 31207000
8, 31220000
8, 31265000
8, 31815000
8, 31771000
8, 31316000
8, 31314000
8, 31257000
8, 31241000
8, 31279000
8, 31442000
8, 31453000
8, 31333000
8, 31799000
8, 31262000
8, 31327000
8, 31847000
8, 31270000
8, 31275000
8, 31222000
8, 31403000
8, 31321000
8, 31237000
9, 31204000
9, 31269000
9, 31214000
9, 31209000
9, 31228000
9, 31215000
9, 31791000
9, 31517000
9, 31646000
9, 31475000
9, 35244000
9, 31736000
9, 35435000
9, 31885000
9, 32276000
9, 31518000
9, 31521000
9, 31732000
9, 32343000
9, 31753000
9, 32047000
9, 33055000
9, 31932000
9, 31630000
9, 35562000
9, 31636000
9, 31769000
9, 31866000
9, 32334000
9, 31788000
9, 31762000
9, 31819000
9, 31698000
9, 31789000
9, 31507000
9, 32291000
9, 31796000
9, 34259000
9, 31482000
9, 31522000
9, 31701000
9, 31813000
9, 31828000
9, 31596000
9, 31536000
9, 31569000
9, 31831000
9, 31593000
9, 31524000
9, 31720000
10, 35147000
10, 31987000
10, 31993000
10, 32237000
10, 31633000
10, 35236000
10, 32071000
10, 33258000
10, 33621000
10, 35369000
10, 31698000
10, 32235000
10, 31588000
10, 31463000
10, 31344000
10, 31541000
10, 31242000
10, 31458000
10, 35699000
10, 31301000
10, 31452000
10, 31330000
10, 31298000
10, 31501000
10, 31288000
10, 32095000
10, 31252000
10, 31214000
10, 31234000
10, 31203000
10, 31250000
10, 31264000
10, 31209000
10, 31506000
10, 32943000
10, 33779000
10, 33720000
10, 32251000
10, 31919000
10, 32514000
10, 32514000
10, 31507000
10, 31290000
10, 31511000
10, 31274000
10, 31286000
10, 31241000
10, 31664000
10, 31290000
10, 34879000
11, 31350000
11, 31236000
11, 31408000
11, 31285000
11, 31250000
11, 34994000
11, 31330000
11, 31244000
11, 31248000
11, 31290000
11, 31217000
11, 31248000
11, 31270000
11, 31273000
11, 31417000
11, 31617000
11, 31308000
11, 31781000
11, 31407000
11, 31134000
11, 31163000
11, 31156000
11, 31539000
11, 31274000
11, 31287000
11, 31220000
11, 31212000
11, 31289000
11, 31297000
11, 31263000
11, 31286000
11, 31286000
11, 31216000
11, 31219000
11, 31177000
11, 31199000
11, 31344000
11, 32001000
11, 31584000
11, 31186000
11, 31290000
11, 31222000
11, 31348000
11, 31322000
11, 31387000
11, 31315000
11, 32259000
11, 31540000
11, 31295000
11, 31220000
12, 31248000
12, 31283000
12, 31204000
12, 31220000
12, 31513000
12, 31242000
12, 31258000
12, 31192000
12, 31212000
12, 31217000
12, 31194000
12, 31508000
12, 31255000
12, 34375000
12, 31198000
12, 31195000
12, 31393000
12, 31298000
12, 31229000
12, 31284000
12, 31271000
12, 31201000
12, 31184000
12, 31277000
12, 31199000
12, 31251000
12, 31224000
12, 31315000
12, 31279000
12, 32594000
12, 31415000
12, 31443000
12, 31635000
12, 31262000
12, 31270000
12, 31221000
12, 32170000
12, 31270000
12, 31263000
12, 31237000
12, 31193000
12, 31184000
12, 31175000
12, 31387000
12, 31364000
12, 31298000
12, 31299000
12, 31245000
12, 31431000
12, 31170000
13, 31180000
13, 31357000
13, 31734000
13, 31269000
13, 31215000
13, 31256000
13, 32125000
13, 31255000
13, 31249000
13, 31183000
13, 31159000
13, 31364000
13, 31302000
13, 31190000
13, 31243000
13, 31233000
13, 31178000
13, 31215000
13, 31465000
13, 31332000
13, 31234000
13, 31193000
13, 31192000
13, 31200000
13, 31893000
13, 32112000
13, 31420000
13, 31207000
13, 31199000
13, 31168000
13, 31390000
13, 31970000
13, 31489000
13, 32113000
13, 31336000
13, 31468000
13, 31161000
13, 31141000
13, 31592000
13, 31308000
13, 31533000
13, 35079000
13, 31478000
13, 32197000
13, 31886000
13, 31785000
13, 31786000
13, 33944000
13, 35887000
13, 33139000
14, 32351000
14, 32542000
14, 31539000
14, 31487000
14, 31396000
14, 31371000
14, 31423000
14, 31383000
14, 33726000
14, 31212000
14, 31182000
14, 31231000
14, 31194000
14, 33071000
14, 35614000
14, 32246000
14, 32029000
14, 31266000
14, 31231000
14, 31202000
14, 31277000
14, 31245000
14, 31183000
14, 31164000
14, 31436000
14, 31227000
14, 31443000
14, 35717000
14, 31190000
14, 31675000
14, 31520000
14, 31588000
14, 31259000
14, 31261000
14, 31210000
14, 31494000
14, 31099000
14, 31067000
14, 31094000
14, 31353000
14, 31142000
14, 31133000
14, 31134000
14, 31116000
14, 31121000
14, 31974000
14, 31243000
14, 31210000
14, 31223000
14, 31230000
15, 31181000
15, 31196000
15, 32040000
15, 32393000
15, 35173000
15, 31889000
15, 32226000
15, 31676000
15, 31719000
15, 31800000
15, 31569000
15, 31736000
15, 32440000
15, 40045000
15, 31468000
15, 31465000
15, 31747000
15, 31211000
15, 31186000
15, 31242000
15, 31151000
15, 31204000
15, 31131000
15, 31265000
15, 31332000
15, 31396000
15, 31207000
15, 31501000
15, 31201000
15, 31217000
15, 31939000
15, 31137000
15, 31582000
15, 31251000
15, 31263000
15, 31202000
15, 31181000
15, 31324000
15, 31485000
15, 31504000
15, 31387000
15, 31124000
15, 31677000
15, 31376000
15, 31734000
15, 31230000
15, 31229000
15, 31286000
15, 31201000
15, 31230000
16, 31359000
16, 31589000
16, 32198000
16, 31578000
16, 31283000
16, 31756000
16, 31190000
16, 31217000
16, 31294000
16, 31556000
16, 31746000
16, 31228000
16, 31231000
16, 31874000
16, 31090000
16, 33486000
16, 31159000
16, 31189000
16, 31111000
16, 31671000
16, 31272000
16, 31250000
16, 31235000
16, 31247000
16, 31186000
16, 31205000
16, 31969000
16, 31904000
16, 31325000
16, 31273000
16, 31250000
16, 31190000
16, 31180000
16, 31224000
16, 31264000
16, 31669000
16, 31753000
16, 31443000
16, 31402000
16, 31895000
16, 31951000
16, 31465000
16, 31512000
16, 31453000
16, 31454000
16, 31579000
16, 32051000
16, 31647000
16, 31404000
16, 31488000
17, 31505000
17, 32084000
17, 31713000
17, 31467000
17, 34728000
17, 31739000
17, 31715000
17, 32708000
17, 31956000
17, 31621000
17, 31411000
17, 31591000
17, 31555000
17, 31498000
17, 32284000
17, 31706000
17, 31772000
17, 31466000
17, 32221000
17, 31962000
17, 31568000
17, 31716000
17, 31642000
17, 31202000
17, 31233000
17, 31208000
17, 31287000
17, 31280000
17, 31294000
17, 31268000
17, 31276000
17, 31731000
17, 32810000
17, 31583000
17, 31325000
17, 31288000
17, 31239000
17, 31666000
17, 31840000
17, 31564000
17, 31317000
17, 31269000
17, 31190000
17, 31259000
17, 31312000
17, 31305000
17, 31225000
17, 31233000
17, 31209000
17, 31109000
18, 31061000
18, 31273000
18, 31096000
18, 31233000
18, 31265000
18, 31788000
18, 32145000
18, 31245000
18, 31198000
18, 34661000
18, 31291000
18, 31390000
18, 31174000
18, 31164000
18, 31492000
18, 31250000
18, 31263000
18, 31268000
18, 31214000
18, 31173000
18, 31267000
18, 31507000
18, 31253000
18, 31225000
18, 31460000
18, 31204000
18, 31245000
18, 31411000
18, 31263000
18, 31195000
18, 31230000
18, 31177000
18, 31201000
18, 31372000
18, 31410000
18, 31289000
18, 31569000
18, 31243000
18, 31205000
18, 31167000
18, 31173000
18, 31227000
18, 31281000
18, 31240000
18, 31182000
18, 31153000
18, 31652000
18, 31303000
18, 31232000
18, 31225000
19, 31202000
19, 31170000
19, 34492000
19, 31234000
19, 31275000
19, 31159000
19, 31268000
19, 31176000
19, 31269000
19, 31721000
19, 31305000
19, 31305000
19, 31211000
19, 31324000
19, 31242000
19, 31376000
19, 31289000
19, 31257000
19, 31233000
19, 31173000
19, 31201000
19, 31172000
19, 31170000
19, 31211000
19, 31266000
19, 31292000
19, 31873000
19, 31172000
19, 31309000
19, 31287000
19, 31232000
19, 31195000
19, 31196000
19, 31172000
19, 31457000
19, 31351000
19, 31232000
19, 32254000
19, 31181000
19, 31274000
19, 31176000
19, 31468000
19, 31213000
19, 31257000
19, 31194000
19, 31328000
19, 31928000
19, 31651000
19, 31814000
19, 32128000
20, 36112000
20, 31823000
20, 31355000
20, 31169000
20, 31202000
20, 31190000
20, 34981000
20, 31241000
20, 31258000
20, 31628000
20, 31341000
20, 31455000
20, 31982000
20, 31669000
20, 31333000
20, 31243000
20, 31374000
20, 31415000
20, 32025000
20, 31180000
20, 31284000
20, 31198000
20, 31158000
20, 31284000
20, 34812000
20, 31177000
20, 31755000
20, 31315000
20, 31293000
20, 31253000
20, 31925000
20, 31266000
20, 31614000
20, 31603000
20, 31105000
20, 31100000
20, 31167000
20, 31368000
20, 31355000
20, 31394000
20, 31291000
20, 31459000
20, 31573000
20, 35565000
20, 31818000
20, 31433000
20, 31334000
20, 31286000
20, 31492000
20, 31317000
21, 31231000
21, 31193000
21, 31212000
21, 31218000
21, 31402000
21, 35745000
21, 31142000
21, 31103000
21, 31095000
21, 31114000
21, 31998000
21, 31166000
21, 33378000
21, 31205000
21, 31174000
21, 31175000
21, 31188000
21, 32093000
21, 31625000
21, 31237000
21, 31182000
21, 31260000
21, 31620000
21, 32025000
21, 34927000
21, 31287000
21, 31200000
21, 31595000
21, 31280000
21, 31981000
21, 31210000
21, 34839000
21, 31100000
21, 31085000
21, 31103000
21, 31091000
21, 31152000
21, 31862000
21, 31400000
21, 31486000
21, 31570000
21, 35159000
21, 31417000
21, 31581000
21, 31686000
21, 31619000
21, 31563000
21, 31841000
21, 31478000
21, 31463000
22, 31503000
22, 31644000
22, 31466000
22, 31672000
22, 32102000
22, 32382000
22, 33868000
22, 31514000
22, 31717000
22, 31488000
22, 35806000
22, 32145000
22, 31590000
22, 35164000
22, 31405000
22, 35644000
22, 31653000
22, 35326000
22, 32014000
22, 31469000
22, 31388000
22, 31428000
22, 31353000
22, 31350000
22, 31411000
22, 31489000
22, 31364000
22, 31290000
22, 31236000
22, 31292000
22, 31200000
22, 31273000
22, 31579000
22, 32135000
22, 33532000
22, 33014000
22, 31545000
22, 36222000
22, 31471000
22, 31454000
22, 31360000
22, 31577000
22, 31940000
22, 31633000
22, 32150000
22, 31179000
22, 31148000
22, 31322000
22, 31164000
22, 31185000
23, 31186000
23, 31717000
23, 31216000
23, 31218000
23, 31219000
23, 31308000
23, 31254000
23, 31190000
23, 31407000
23, 31201000
23, 31191000
23, 31171000
23, 31163000
23, 31233000
23, 31227000
23, 31139000
23, 31225000
23, 31455000
23, 31234000
23, 31300000
23, 31388000
23, 31527000
23, 31101000
23, 31391000
23, 32066000
23, 31187000
23, 31281000
23, 31300000
23, 31200000
23, 31172000
23, 34333000
23, 32066000
23, 31221000
23, 31209000
23, 31208000
23, 31183000
23, 31205000
23, 31219000
23, 32630000
23, 31459000
23, 31422000
23, 32272000
23, 31455000
23, 31388000
23, 31575000
23, 31856000
23, 31643000
23, 31413000
23, 31397000
23, 32578000
24, 31788000
24, 37722000
24, 31444000
24, 31447000
24, 31385000
24, 31777000
24, 31266000
24, 31380000
24, 31206000
24, 31368000
24, 31189000
24, 31264000
24, 31156000
24, 31201000
24, 31970000
24, 31539000
24, 32082000
24, 33967000
24, 31469000
24, 31636000
24, 31499000
24, 31467000
24, 31665000
24, 31587000
24, 31661000
24, 31401000
24, 31440000
24, 31541000
24, 31433000
24, 31394000
24, 31399000
24, 31715000
24, 31924000
24, 31868000
24, 31778000
24, 31472000
24, 31631000
24, 31497000
24, 32064000
24, 31500000
24, 31580000
24, 31573000
24, 31402000
24, 34825000
24, 32322000
24, 31589000
24, 31448000
24, 31442000
24, 31796000
24, 31402000
25, 31504000
25, 34036000
25, 31631000
25, 31458000
25, 31503000
25, 31666000
25, 31506000
25, 34052000
25, 31572000
25, 31374000
25, 31537000
25, 31441000
25, 31434000
25, 31482000
25, 33741000
25, 31423000
25, 31608000
25, 31431000
25, 31428000
25, 32330000
25, 31806000
25, 31812000
25, 31366000
25, 32152000
25, 31372000
25, 31534000
25, 32796000
25, 31463000
25, 31389000
25, 32027000
25, 31769000
25, 31586000
25, 31546000
25, 31418000
25, 31367000
25, 31512000
25, 31652000
25, 31680000
25, 31510000
25, 31484000
25, 31545000
25, 31640000
25, 31581000
25, 31598000
25, 33617000
25, 33208000
25, 31295000
25, 35265000
25, 31403000
25, 31226000
26, 31431000
26, 31229000
26, 31270000
26, 31209000
26, 31197000
26, 31282000
26, 31142000
26, 31373000
26, 32176000
26, 31122000
26, 31123000
26, 31140000
26, 31198000
26, 31311000
26, 31340000
26, 31851000
26, 31213000
26, 31183000
26, 31206000
26, 31338000
26, 31185000
26, 31292000
26, 31171000
26, 31157000
26, 31178000
26, 31185000
26, 31172000
26, 32356000
26, 31304000
26, 31176000
26, 31188000
26, 31181000
26, 31507000
26, 32029000
26, 31729000
26, 31293000
26, 31218000
26, 31103000
26, 31094000
26, 31363000
26, 32148000
26, 31182000
26, 31178000
26, 31167000
26, 31234000
26, 31204000
26, 31222000
26, 31467000
26, 31594000
26, 31490000
27, 31417000
27, 32702000
27, 31651000
27, 32304000
27, 31559000
27, 31492000
27, 31442000
27, 31417000
27, 31446000
27, 31485000
27, 31728000
27, 31450000
27, 31729000
27, 31608000
27, 31819000
27, 31443000
27, 31489000
27, 31602000
27, 31399000
27, 31487000
27, 31413000
27, 32667000
27, 31546000
27, 31442000
27, 31438000
27, 31386000
27, 31588000
27, 31490000
27, 31508000
27, 31389000
27, 31549000
27, 31692000
27, 32092000
27, 31461000
27, 31771000
27, 31578000
27, 33111000
27, 32642000
27, 35427000
27, 31477000
27, 31775000
27, 34387000
27, 31777000
27, 31465000
27, 31431000
27, 31495000
27, 32495000
27, 35524000
27, 31479000
27, 31710000
28, 31516000
28, 31830000
28, 32365000
28, 32034000
28, 35205000
28, 31692000
28, 31513000
28, 31512000
28, 31687000
28, 33647000
28, 33830000
28, 31671000
28, 31467000
28, 31499000
28, 31453000
28, 31518000
28, 31752000
28, 31383000
28, 31460000
28, 31433000
28, 31453000
28, 31572000
28, 31448000
28, 31541000
28, 34768000
28, 31528000
28, 31800000
28, 31748000
28, 31404000
28, 31356000
28, 31539000
28, 31490000
28, 31391000
28, 32373000
28, 31802000
28, 31695000
28, 31400000
28, 31531000
28, 31429000
28, 31419000
28, 31737000
28, 31540000
28, 31463000
28, 31524000
28, 31500000
28, 31331000
28, 31495000
28, 31617000
28, 31681000
28, 31701000
29, 35414000
29, 31615000
29, 31481000
29, 31621000
29, 31972000
29, 32051000
29, 35251000
29, 32209000
29, 33435000
29, 33837000
29, 31846000
29, 33111000
29, 31756000
29, 32713000
29, 33302000
29, 32235000
29, 31305000
29, 31298000
29, 31246000
29, 31498000
29, 31546000
29, 31481000
29, 31591000
29, 31335000
29, 33049000
29, 31863000
29, 33120000
29, 32200000
29, 32016000
29, 32364000
29, 31526000
29, 31317000
29, 31332000
29, 31270000
29, 31283000
29, 31336000
29, 31260000
29, 31228000
29, 31252000
29, 31533000
29, 31292000
29, 31815000
29, 31394000
29, 31198000
29, 31805000
29, 31381000
29, 32159000
29, 31267000
29, 31248000
29, 31158000
30, 31272000
30, 31188000
30, 31264000
30, 31257000
30, 31230000
30, 31188000
30, 31226000
30, 31983000
30, 31807000
30, 31169000
30, 31281000
30, 31217000
30, 31222000
30, 31169000
30, 31432000
30, 31249000
30, 32321000
30, 34473000
30, 31151000
30, 31216000
30, 31240000
30, 31662000
30, 32170000
30, 31493000
30, 31251000
30, 31189000
30, 31234000
30, 31287000
30, 31882000
30, 32067000
30, 31090000
30, 31193000
30, 31322000
30, 32360000
30, 31436000
30, 31634000
30, 31445000
30, 32441000
30, 31320000
30, 31190000
30, 31188000
30, 31181000
30, 31229000
30, 31157000
30, 31921000
30, 31174000
30, 31502000
30, 31740000
30, 31293000
30, 31334000
31, 31320000
31, 31326000
31, 31285000
31, 32071000
31, 31707000
31, 32325000
31, 31310000
31, 32192000
31, 31125000
31, 31365000
31, 31359000
31, 31432000
31, 31179000
31, 31170000
31, 31183000
31, 31494000
31, 31250000
31, 31249000
31, 31909000
31, 31204000
31, 31185000
31, 31194000
31, 31158000
31, 31364000
31, 31919000
31, 31435000
31, 31631000
31, 31987000
31, 31941000
31, 31524000
31, 31717000
31, 32370000
31, 32023000
31, 31566000
31, 31409000
31, 32745000
31, 31751000
31, 31619000
31, 31462000
31, 31443000
31, 31424000
31, 31578000
31, 31345000
31, 31169000
31, 31350000
31, 31148000
31, 31267000
31, 31249000
31, 31350000
31, 31280000
32, 31366000
32, 31528000
32, 31101000
32, 31095000
32, 31083000
32, 31194000
32, 31119000
32, 31129000
32, 31144000
32, 31335000
32, 31434000
32, 32199000
32, 31673000
32, 31396000
32, 31387000
32, 31551000
32, 36083000
32, 32174000
32, 31565000
32, 32024000
32, 31829000
32, 32844000
32, 32615000
32, 31777000
32, 32024000
32, 31572000
32, 31698000
32, 31366000
32, 31522000
32, 32073000
32, 35375000
32, 31772000
32, 31278000
32, 31248000
32, 31386000
32, 31225000
32, 31247000
32, 31191000
32, 31266000
32, 31244000
32, 31213000
32, 31298000
32, 32401000
32, 31813000
32, 31586000
32, 33621000
32, 33697000
32, 32201000
32, 32084000
32, 31357000
33, 31218000
33, 31205000
33, 31190000
33, 31152000
33, 31426000
33, 31219000
33, 31173000
33, 31193000
33, 31238000
33, 31682000
33, 31188000
33, 32036000
33, 35402000
33, 34284000
33, 31491000
33, 31697000
33, 31601000
33, 33073000
33, 31661000
33, 31419000
33, 32138000
33, 31877000
33, 35465000
33, 31533000
33, 31429000
33, 31176000
33, 31203000
33, 31177000
33, 31170000
33, 31411000
33, 31287000
33, 31282000
33, 31280000
33, 31189000
33, 31179000
33, 31276000
33, 31995000
33, 31130000
33, 31142000
33, 31172000
33, 31208000
33, 31157000
33, 31191000
33, 31261000
33, 31194000
33, 31171000
33, 31298000
33, 34890000
33, 31172000
33, 31240000
34, 31233000
34, 31195000
34, 34812000
34, 31195000
34, 31275000
34, 31222000
34, 31456000
34, 31162000
34, 34936000
34, 31371000
34, 31298000
34, 31869000
34, 31335000
34, 31256000
34, 31259000
34, 31198000
34, 31166000
34, 31388000
34, 31268000
34, 31192000
34, 31170000
34, 31367000
34, 31231000
34, 31084000
34, 31116000
34, 31448000
34, 31272000
34, 31206000
34, 31291000
34, 32417000
34, 31286000
34, 31301000
34, 31364000
34, 31200000
34, 31151000
34, 31374000
34, 31186000
34, 31205000
34, 31208000
34, 31194000
34, 31312000
34, 31198000
34, 31174000
34, 31521000
34, 31265000
34, 31189000
34, 31234000
34, 31161000
34, 31270000
34, 31664000
35, 32245000
35, 31515000
35, 31216000
35, 31176000
35, 31319000
35, 31179000
35, 31156000
35, 31215000
35, 31200000
35, 31202000
35, 31232000
35, 31251000
35, 31239000
35, 31291000
35, 31205000
35, 31200000
35, 31145000
35, 31225000
35, 31175000
35, 34619000
35, 31484000
35, 31536000
35, 35027000
35, 31725000
35, 32571000
35, 32925000
35, 31719000
35, 31528000
35, 31591000
35, 31517000
35, 31676000
35, 31310000
35, 31182000
35, 31171000
35, 31150000
35, 31150000
35, 31408000
35, 31334000
35, 31321000
35, 31180000
35, 31323000
35, 31953000
35, 32031000
35, 31496000
35, 31986000
35, 31184000
35, 31138000
35, 31173000
35, 31245000
35, 31151000
36, 32523000
36, 31658000
36, 31357000
36, 31204000
36, 31488000
36, 31256000
36, 31581000
36, 31365000
36, 31219000
36, 31198000
36, 31484000
36, 31131000
36, 31329000
36, 31526000
36, 31397000
36, 32162000
36, 31248000
36, 31258000
36, 32110000
36, 31145000
36, 31153000
36, 31127000
36, 32043000
36, 31260000
36, 31202000
36, 31230000
36, 32300000
36, 32075000
36, 32087000
36, 32073000
36, 31492000
36, 31489000
36, 31533000
36, 31179000
36, 31196000
36, 31136000
36, 31314000
36, 31134000
36, 32272000
36, 31782000
36, 32693000
36, 32243000
36, 32039000
36, 32775000
36, 31641000
36, 31490000
36, 31285000
36, 31390000
36, 31379000
36, 32067000
37, 31165000
37, 31864000
37, 31637000
37, 32165000
37, 31581000
37, 31264000
37, 31891000
37, 31316000
37, 31805000
37, 32137000
37, 32677000
37, 31481000
37, 31714000
37, 31416000
37, 32044000
37, 33026000
37, 32522000
37, 31621000
37, 31377000
37, 32215000
37, 32152000
37, 32061000
37, 31569000
37, 31451000
37, 31687000
37, 31680000
37, 32401000
37, 31588000
37, 32029000
37, 32826000
37, 32858000
37, 32994000
37, 32457000
37, 32529000
37, 32254000
37, 32142000
37, 33098000
37, 31814000
37, 31735000
37, 31581000
37, 31256000
37, 31235000
37, 31145000
37, 31081000
37, 31095000
37, 31241000
37, 31667000
37, 31423000
37, 31261000
37, 31243000
38, 32544000
38, 32476000
38, 32044000
38, 31312000
38, 31470000
38, 31429000
38, 31893000
38, 31512000
38, 31487000
38, 31541000
38, 32141000
38, 31578000
38, 31839000
38, 31402000
38, 31365000
38, 31431000
38, 31381000
38, 31324000
38, 31356000
38, 31307000
38, 31541000
38, 31351000
38, 32312000
38, 31487000
38, 31733000
38, 31530000
38, 31266000
38, 31347000
38, 31290000
38, 31269000
38, 31248000
38, 31295000
38, 31701000
38, 32068000
38, 31838000
38, 31325000
38, 31268000
38, 31316000
38, 31255000
38, 31475000
38, 31451000
38, 31297000
38, 31303000
38, 31510000
38, 31944000
38, 31319000
38, 32359000
38, 32063000
38, 31304000
38, 31245000
39, 31265000
39, 31375000
39, 31284000
39, 31322000
39, 31300000
39, 31257000
39, 32804000
39, 31291000
39, 32195000
39, 31226000
39, 31484000
39, 32552000
39, 31125000
39, 31235000
39, 32220000
39, 32166000
39, 31751000
39, 31847000
39, 32126000
39, 31293000
39, 31356000
39, 31360000
39, 31284000
39, 31281000
39, 31208000
39, 31445000
39, 31314000
39, 31318000
39, 31242000
39, 31944000
39, 31259000
39, 31252000
39, 31313000
39, 31309000
39, 31305000
39, 31339000
39, 31512000
39, 31522000
39, 31357000
39, 31319000
39, 31362000
39, 31228000
39, 31294000
39, 31254000
39, 31177000
39, 31237000
39, 31612000
39, 31363000
39, 31244000
39, 31248000
40, 31230000
40, 31365000
40, 32256000
40, 31310000
40, 31277000
40, 31251000
40, 31239000
40, 31846000
40, 31163000
40, 31154000
40, 31857000
40, 31617000
40, 31375000
40, 31625000
40, 31235000
40, 31283000
40, 31350000
40, 31226000
40, 31262000
40, 31311000
40, 31318000
40, 31258000
40, 31317000
40, 31379000
40, 31211000
40, 31202000
40, 31238000
40, 32130000
40, 31853000
40, 31296000
40, 31222000
40, 31196000
40, 31185000
40, 31166000
40, 31421000
40, 32321000
40, 31458000
40, 31521000
40, 31455000
40, 31330000
40, 31504000
40, 31408000
40, 32374000
40, 31897000
40, 31411000
40, 31595000
40, 31494000
40, 31376000
40, 32450000
40, 31161000
41, 31155000
41, 31185000
41, 31888000
41, 31791000
41, 31698000
41, 31643000
41, 31050000
41, 32024000
41, 31233000
41, 31575000
41, 31323000
41, 31371000
41, 31194000
41, 31175000
41, 31497000
41, 31226000
41, 31430000
41, 31293000
41, 31251000
41, 31171000
41, 31189000
41, 31158000
41, 31161000
41, 32158000
41, 31413000
41, 31441000
41, 31425000
41, 31410000
41, 31468000
41, 31437000
41, 31483000
41, 31403000
41, 31397000
41, 31382000
41, 31440000
41, 31832000
41, 31691000
41, 31492000
41, 31409000
41, 31592000
41, 32431000
41, 33345000
41, 32667000
41, 32150000
41, 31087000
41, 32067000
41, 31225000
41, 31386000
41, 31319000
41, 31308000
42, 31378000
42, 31167000
42, 31094000
42, 31065000
42, 31300000
42, 31154000
42, 34908000
42, 31111000
42, 31141000
42, 31340000
42, 31171000
42, 31242000
42, 31211000
42, 31172000
42, 31186000
42, 31189000
42, 31161000
42, 31933000
42, 31957000
42, 31397000
42, 31356000
42, 37378000
42, 31533000
42, 32045000
42, 31657000
42, 31723000
42, 31571000
42, 31580000
42, 31387000
42, 32428000
42, 31676000
42, 31392000
42, 31522000
42, 31460000
42, 31466000
42, 31406000
42, 31424000
42, 31844000
42, 33203000
42, 31360000
42, 31914000
42, 32585000
42, 31448000
42, 31150000
42, 31132000
42, 31203000
42, 31253000
42, 31105000
42, 31099000
42, 31297000
43, 31186000
43, 31133000
43, 34661000
43, 31241000
43, 31569000
43, 33276000
43, 31441000
43, 32164000
43, 31370000
43, 31222000
43, 31176000
43, 31425000
43, 31200000
43, 31179000
43, 31158000
43, 31230000
43, 31190000
43, 31223000
43, 31614000
43, 32054000
43, 31431000
43, 31568000
43, 31399000
43, 31503000
43, 31435000
43, 31427000
43, 31368000
43, 31379000
43, 31354000
43, 31350000
43, 35469000
43, 35011000
43, 31608000
43, 34858000
43, 31902000
43, 32058000
43, 32099000
43, 31267000
43, 31157000
43, 31160000
43, 31148000
43, 31129000
43, 31863000
43, 31246000
43, 31171000
43, 31235000
43, 31146000
43, 31222000
43, 31285000
43, 31820000
44, 31318000
44, 32118000
44, 31445000
44, 31564000
44, 31460000
44, 31469000
44, 31538000
44, 31389000
44, 31392000
44, 31383000
44, 31358000
44, 31391000
44, 31609000
44, 31532000
44, 31500000
44, 31394000
44, 33678000
44, 31906000
44, 32135000
44, 31561000
44, 31578000
44, 31531000
44, 31612000
44, 31568000
44, 32584000
44, 31782000
44, 31471000
44, 31464000
44, 33796000
44, 31478000
44, 31649000
44, 31509000
44, 35276000
44, 32579000
44, 31751000
44, 31582000
44, 31516000
44, 31803000
44, 31308000
44, 31179000
44, 31237000
44, 31163000
44, 35022000
44, 31519000
44, 31203000
44, 31222000
44, 34916000
44, 31363000
44, 31165000
44, 31442000
45, 31205000
45, 31266000
45, 31828000
45, 31176000
45, 31404000
45, 31491000
45, 31248000
45, 31470000
45, 31251000
45, 31189000
45, 31196000
45, 31214000
45, 31225000
45, 31151000
45, 31162000
45, 31248000
45, 31159000
45, 31336000
45, 31220000
45, 31261000
45, 31171000
45, 31161000
45, 31171000
45, 31196000
45, 31154000
45, 31210000
45, 31205000
45, 31222000
45, 31183000
45, 31251000
45, 31743000
45, 31208000
45, 31188000
45, 31120000
45, 34706000
45, 31119000
45, 31113000
45, 31485000
45, 31959000
45, 31178000
45, 31158000
45, 31160000
45, 31201000
45, 31230000
45, 31201000
45, 31266000
45, 31189000
45, 31296000
45, 31204000
45, 31252000
46, 31278000
46, 34923000
46, 31570000
46, 31339000
46, 35203000
46, 32229000
46, 32265000
46, 32386000
46, 31305000
46, 31234000
46, 31319000
46, 31316000
46, 32647000
46, 32004000
46, 32097000
46, 31925000
46, 32475000
46, 32335000
46, 33042000
46, 31720000
46, 31350000
46, 31225000
46, 31241000
46, 31231000
46, 31244000
46, 31900000
46, 31590000
46, 31753000
46, 32425000
46, 35772000
46, 31500000
46, 31669000
46, 31460000
46, 31112000
46, 31123000
46, 31108000
46, 31095000
46, 31107000
46, 31139000
46, 31104000
46, 31107000
46, 34793000
46, 31105000
46, 32315000
46, 31373000
46, 31286000
46, 31251000
46, 31264000
46, 31215000
46, 31220000
47, 31451000
47, 31458000
47, 31221000
47, 31436000
47, 31212000
47, 31208000
47, 31234000
47, 31885000
47, 35431000
47, 35464000
47, 34053000
47, 31444000
47, 31480000
47, 31604000
47, 31773000
47, 31489000
47, 31405000
47, 31363000
47, 31356000
47, 31413000
47, 31409000
47, 31352000
47, 31349000
47, 31360000
47, 31460000
47, 31875000
47, 31509000
47, 33659000
47, 31366000
47, 35388000
47, 31468000
47, 37866000
47, 31657000
47, 31655000
47, 31429000
47, 31505000
47, 31393000
47, 31390000
47, 31542000
47, 31524000
47, 33736000
47, 32054000
47, 31452000
47, 32059000
47, 31502000
47, 31243000
47, 31283000
47, 32150000
47, 31454000
47, 31193000
48, 31207000
48, 31396000
48, 31253000
48, 31258000
48, 31245000
48, 31249000
48, 31777000
48, 32392000
48, 31653000
48, 31276000
48, 31288000
48, 31262000
48, 31502000
48, 31418000
48, 31352000
48, 31186000
48, 31359000
48, 31191000
48, 31182000
48, 31135000
48, 31542000
48, 31488000
48, 35274000
48, 31136000
48, 31176000
48, 31126000
48, 31171000
48, 31172000
48, 31139000
48, 31099000
48, 31155000
48, 31112000
48, 31107000
48, 31339000
48, 31406000
48, 31570000
48, 31380000
48, 31557000
48, 32422000
48, 32738000
48, 31211000
48, 31210000
48, 31914000
48, 31065000
48, 31319000
48, 31501000
48, 31171000
48, 31190000
48, 31193000
48, 31151000
49, 31176000
49, 31284000
49, 31834000
49, 31533000
49, 31391000
49, 31763000
49, 31837000
49, 31430000
49, 31442000
49, 31562000
49, 31816000
49, 31541000
49, 31767000
49, 31913000
49, 31421000
49, 31173000
49, 31150000
49, 31244000
49, 31237000
49, 37049000
49, 32309000
49, 31262000
49, 31176000
49, 31180000
49, 31162000
49, 34655000
49, 31447000
49, 32128000
49, 31296000
49, 31494000
49, 31507000
49, 33661000
49, 31376000
49, 31396000
49, 31409000
49, 31354000
49, 31415000
49, 31420000
49, 31467000
49, 31566000
49, 31525000
49, 31377000
49, 31598000
49, 31568000
49, 31385000
49, 31398000
49, 31441000
49, 31485000
49, 31676000
49, 32863000
50, 31530000
50, 35070000
50, 31730000
50, 31169000
50, 31906000
50, 31279000
50, 31160000
50, 32724000
50, 31420000
50, 31298000
50, 31183000
50, 31174000
50, 31361000
50, 31180000
50, 31176000
50, 31906000
50, 31406000
50, 31421000
50, 31916000
50, 31822000
50, 31798000
50, 31446000
50, 31335000
50, 32156000
50, 31491000
50, 31313000
50, 32151000
50, 31204000
50, 31200000
50, 31204000
50, 31202000
50, 31197000
50, 31405000
50, 35224000
50, 31807000
50, 31337000
50, 31223000
50, 31225000
50, 31869000
50, 31282000
50, 31215000
50, 31195000
50, 31221000
50, 31170000
50, 31362000
50, 31195000
50, 31990000
50, 31335000
50, 31424000
50, 34323000
51, 31993000
51, 35511000
51, 31483000
51, 31161000
51, 31116000
51, 31573000
51, 31214000
51, 31171000
51, 35196000
51, 31720000
51, 31297000
51, 31198000
51, 31343000
51, 31293000
51, 34797000
51, 31274000
51, 31174000
51, 31219000
51, 31341000
51, 31318000
51, 31527000
51, 31529000
51, 31227000
51, 31224000
51, 31258000
51, 31186000
51, 31459000
51, 31184000
51, 31215000
51, 31197000
51, 31192000
51, 31188000
51, 31179000
51, 31237000
51, 31285000
51, 32239000
51, 31093000
51, 31664000
51, 31233000
51, 31173000
51, 32262000
51, 31548000
51, 31387000
51, 31399000
51, 31385000
51, 33882000
51, 32388000
51, 33728000
51, 31456000
51, 31518000
52, 31564000
52, 31409000
52, 32295000
52, 31825000
52, 31442000
52, 31424000
52, 31389000
52, 31347000
52, 31569000
52, 31453000
52, 31322000
52, 31514000
52, 31382000
52, 31627000
52, 31672000
52, 31524000
52, 31568000
52, 31456000
52, 31339000
52, 31442000
52, 31524000
52, 31780000
52, 32238000
52, 31714000
52, 31357000
52, 31381000
52, 31389000
52, 31802000
52, 32063000
52, 31125000
52, 31139000
52, 31165000
52, 31145000
52, 31116000
52, 31451000
52, 31357000
52, 31129000
52, 31126000
52, 31682000
52, 31158000
52, 31171000
52, 31609000
52, 31538000
52, 31433000
52, 31401000
52, 31808000
52, 31977000
52, 31613000
52, 31277000
52, 31136000
53, 31873000
53, 34008000
53, 31490000
53, 31109000
53, 31497000
53, 31199000
53, 31132000
53, 31166000
53, 31137000
53, 31614000
53, 31251000
53, 34779000
53, 31165000
53, 31170000
53, 31210000
53, 31177000
53, 32464000
53, 31631000
53, 31487000
53, 31478000
53, 31374000
53, 34962000
53, 31408000
53, 31694000
53, 31518000
53, 31357000
53, 31388000
53, 32679000
53, 34412000
53, 31463000
53, 31164000
53, 31129000
53, 31122000
53, 31131000
53, 31099000
53, 31154000
53, 31161000
53, 31125000
53, 31198000
53, 31128000
53, 31252000
53, 31198000
53, 31328000
53, 31524000
53, 31357000
53, 31346000
53, 31368000
53, 31636000
53, 31817000
53, 31204000
54, 32148000
54, 31236000
54, 31094000
54, 31084000
54, 31164000
54, 31457000
54, 31483000
54, 31362000
54, 31373000
54, 31388000
54, 31432000
54, 31595000
54, 31472000
54, 31422000
54, 31391000
54, 31418000
54, 33745000
54, 31631000
54, 31558000
54, 31428000
54, 31410000
54, 31505000
54, 32397000
54, 32260000
54, 31213000
54, 31196000
54, 31211000
54, 31180000
54, 31245000
54, 31451000
54, 31338000
54, 31206000
54, 31137000
54, 31209000
54, 31160000
54, 31166000
54, 32053000
54, 31556000
54, 31689000
54, 31390000
54, 31427000
54, 31422000
54, 31428000
54, 31479000
54, 31502000
54, 31395000
54, 31345000
54, 31588000
54, 31435000
54, 31461000
55, 31616000
55, 31420000
55, 31333000
55, 31373000
55, 32132000
55, 32761000
55, 31771000
55, 31245000
55, 31227000
55, 31206000
55, 31153000
55, 31525000
55, 31184000
55, 31191000
55, 31170000
55, 31216000
55, 31159000
55, 31180000
55, 32173000
55, 31308000
55, 31380000
55, 31605000
55, 31690000
55, 31633000
55, 36918000
55, 31654000
55, 31460000
55, 31517000
55, 31385000
55, 31795000
55, 31467000
55, 32343000
55, 31719000
55, 33405000
55, 31776000
55, 31524000
55, 33032000
55, 36068000
55, 33516000
55, 31149000
55, 31131000
55, 31116000
55, 32214000
55, 31316000
55, 31176000
55, 31212000
55, 31222000
55, 31179000
55, 31157000
55, 32098000
56, 31449000
56, 34420000
56, 34489000
56, 34408000
56, 32366000
56, 31468000
56, 32778000
56, 31091000
56, 31157000
56, 31419000
56, 31320000
56, 31607000
56, 31517000
56, 31288000
56, 31159000
56, 31048000
56, 31029000
56, 31621000
56, 31150000
56, 31308000
56, 31156000
56, 31116000
56, 31151000
56, 31311000
56, 31573000
56, 31460000
56, 32355000
56, 31211000
56, 31172000
56, 31356000
56, 31181000
56, 31226000
56, 31181000
56, 31175000
56, 31277000
56, 31290000
56, 31375000
56, 31250000
56, 31251000
56, 31203000
56, 31185000
56, 31195000
56, 31249000
56, 31223000
56, 31224000
56, 31202000
56, 31244000
56, 31157000
56, 31155000
56, 31941000
57, 31802000
57, 34977000
57, 32129000
57, 32226000
57, 33791000
57, 31599000
57, 31466000
57, 31292000
57, 31282000
57, 31243000
57, 31250000
57, 31387000
57, 31302000
57, 31237000
57, 31246000
57, 31205000
57, 31200000
57, 31206000
57, 31387000
57, 31348000
57, 31207000
57, 31197000
57, 31225000
57, 31271000
57, 31254000
57, 32146000
57, 31391000
57, 31386000
57, 31553000
57, 31508000
57, 31364000
57, 31942000
57, 34510000
57, 31473000
57, 31629000
57, 31393000
57, 31359000
57, 32461000
57, 31881000
57, 37063000
57, 31532000
57, 31469000
57, 31428000
57, 31425000
57, 31506000
57, 31365000
57, 31410000
57, 31382000
57, 31373000
57, 31980000
58, 31665000
58, 31564000
58, 31376000
58, 32788000
58, 33359000
58, 31471000
58, 31510000
58, 31613000
58, 31463000
58, 31444000
58, 31416000
58, 31497000
58, 32675000
58, 33792000
58, 32002000
58, 31442000
58, 31152000
58, 31154000
58, 31226000
58, 31980000
58, 31277000
58, 31302000
58, 31256000
58, 31223000
58, 31184000
58, 32014000
58, 31357000
58, 31362000
58, 31755000
58, 31740000
58, 34052000
58, 37535000
58, 32407000
58, 33241000
58, 31742000
58, 32839000
58, 32774000
58, 31754000
58, 31817000
58, 31919000
58, 32970000
58, 32288000
58, 32033000
58, 32657000
58, 33087000
58, 32603000
58, 32865000
58, 31748000
58, 31544000
58, 31705000
59, 33494000
59, 33774000
59, 31789000
59, 31508000
59, 31674000
59, 33012000
59, 33571000
59, 33576000
59, 33324000
59, 31874000
59, 31405000
59, 31485000
59, 31390000
59, 31243000
59, 32501000
59, 31495000
59, 31434000
59, 31692000
59, 31868000
59, 32527000
59, 31546000
59, 31486000
59, 31422000
59, 33468000
59, 31740000
59, 31519000
59, 31364000
59, 31798000
59, 38023000
59, 32849000
59, 32315000
59, 31686000
59, 32025000
59, 32312000
59, 31503000
59, 31345000
59, 31444000
59, 31372000
59, 32210000
59, 31227000
59, 31192000
59, 31274000
59, 31286000
59, 31162000
59, 31230000
59, 31695000
59, 31305000
59, 31307000
59, 31386000
59, 31261000
60, 31363000
60, 36251000
60, 31544000
60, 31802000
60, 31225000
60, 32468000
60, 32207000
60, 31259000
60, 31261000
60, 31251000
60, 31230000
60, 31271000
60, 31528000
60, 31394000
60, 31591000
60, 33091000
60, 31463000
60, 31534000
60, 31582000
60, 31509000
60, 31498000
60, 31568000
60, 32911000
60, 32422000
60, 31813000
60, 33483000
60, 31448000
60, 31766000
60, 31546000
60, 31546000
60, 32146000
60, 31525000
60, 31501000
60, 31459000
60, 31760000
60, 31413000
60, 31410000
60, 31960000
60, 31550000
60, 35078000
60, 31844000
60, 31663000
60, 31395000
60, 32031000
60, 31439000
60, 31346000
60, 31384000
60, 31339000
60, 31341000
60, 31365000
61, 31564000
61, 32298000
61, 34438000
61, 31596000
61, 31593000
61, 31460000
61, 36293000
61, 31267000
61, 31250000
61, 31756000
61, 31464000
61, 31400000
61, 31452000
61, 32042000
61, 31488000
61, 31496000
61, 31572000
61, 31696000
61, 32059000
61, 32367000
61, 31578000
61, 31456000
61, 31658000
61, 31453000
61, 32647000
61, 32222000
61, 31661000
61, 31609000
61, 34033000
61, 32944000
61, 36795000
61, 31885000
61, 31405000
61, 31680000
61, 31415000
61, 31407000
61, 31529000
61, 31529000
61, 33071000
61, 31457000
61, 31508000
61, 31828000
61, 32435000
61, 31746000
61, 31566000
61, 31501000
61, 31768000
61, 31429000
61, 31451000
61, 31929000
62, 32221000
62, 32299000
62, 31415000
62, 31473000
62, 32802000
62, 31493000
62, 31723000
62, 31584000
62, 31974000
62, 31355000
62, 31388000
62, 31415000
62, 31409000
62, 33319000
62, 32005000
62, 32408000
62, 32053000
62, 31428000
62, 31460000
62, 32882000
62, 31739000
62, 31452000
62, 31421000
62, 35051000
62, 31580000
62, 31493000
62, 31950000
62, 31804000
62, 31982000
62, 38519000
62, 34554000
62, 31750000
62, 31469000
62, 31532000
62, 31453000
62, 31468000
62, 33675000
62, 31812000
62, 31553000
62, 31422000
62, 31462000
62, 31738000
62, 31411000
62, 31459000
62, 31578000
62, 55338000
62, 46219000
62, 33378000
62, 32488000
62, 31518000
63, 31355000
63, 31563000
63, 31497000
63, 31409000
63, 31444000
63, 31446000
63, 31468000
63, 32165000
63, 31868000
63, 31387000
63, 31360000
63, 31730000
63, 32496000
63, 31600000
63, 31495000
63, 31419000
63, 31485000
63, 32058000
63, 33358000
63, 32098000
63, 32025000
63, 31452000
63, 31390000
63, 31432000
63, 31965000
63, 32175000
63, 32279000
63, 31522000
63, 31339000
63, 32386000
63, 31456000
63, 32065000
63, 35190000
63, 31537000
63, 31977000
63, 31266000
63, 33430000
63, 32891000
63, 31140000
63, 31103000
63, 31257000
63, 31207000
63, 32006000
63, 32052000
63, 31316000
63, 31301000
63, 31688000
63, 31550000
63, 31581000
63, 31535000
64, 31510000
64, 31375000
64, 32196000
64, 31604000
64, 32537000
64, 32491000
64, 32005000
64, 31560000
64, 31635000
64, 31770000
64, 33145000
64, 31749000
64, 31388000
64, 32480000
64, 31351000
64, 31864000
64, 31144000
64, 31821000
64, 31534000
64, 31391000
64, 31503000
64, 31252000
64, 32423000
64, 32690000
64, 31353000
64, 32214000
64, 31078000
64, 31097000
64, 34293000
64, 31242000
64, 32226000
64, 31282000
64, 31316000
64, 31262000
64, 31243000
64, 31240000
64, 31237000
64, 32246000
64, 31656000
64, 31736000
64, 32009000
64, 31545000
64, 34827000
64, 32036000
64, 35874000
64, 31818000
64, 31639000
64, 31520000
64, 31620000
64, 31725000
65, 31771000
65, 32381000
65, 31981000
65, 31580000
65, 31966000
65, 33031000
65, 35555000
65, 31350000
65, 31961000
65, 32178000
65, 31303000
65, 31528000
65, 31305000
65, 31275000
65, 31260000
65, 31224000
65, 31990000
65, 31961000
65, 31828000
65, 31567000
65, 31864000
65, 31801000
65, 31555000
65, 31578000
65, 31783000
65, 35857000
65, 31565000
65, 31627000
65, 31518000
65, 31575000
65, 32102000
65, 35343000
65, 31672000
65, 31752000
65, 31486000
65, 31598000
65, 33508000
65, 31714000
65, 33952000
65, 31258000
65, 31233000
65, 31216000
65, 32364000
65, 31360000
65, 31461000
65, 31350000
65, 31271000
65, 31249000
65, 31307000
65, 31302000
66, 31254000
66, 31278000
66, 32218000
66, 31293000
66, 31281000
66, 31241000
66, 31270000
66, 31120000
66, 31820000
66, 31287000
66, 31225000
66, 31236000
66, 32408000
66, 32436000
66, 31545000
66, 31277000
66, 31444000
66, 31217000
66, 32019000
66, 31328000
66, 31272000
66, 31271000
66, 31258000
66, 31968000
66, 31704000
66, 31335000
66, 31273000
66, 31316000
66, 31259000
66, 31235000
66, 32032000
66, 31187000
66, 31243000
66, 31148000
66, 31721000
66, 31755000
66, 31197000
66, 31824000
66, 31347000
66, 32022000
66, 31210000
66, 31278000
66, 31274000
66, 31229000
66, 31352000
66, 31646000
66, 32118000
66, 31849000
66, 31180000
66, 31623000
67, 32622000
67, 31392000
67, 31300000
67, 31277000
67, 31245000
67, 35451000
67, 31575000
67, 31458000
67, 32498000
67, 32483000
67, 31295000
67, 32414000
67, 31934000
67, 31609000
67, 31192000
67, 31189000
67, 31296000
67, 31275000
67, 31257000
67, 31347000
67, 32056000
67, 31132000
67, 31542000
67, 31638000
67, 33065000
67, 35545000
67, 31902000
67, 32930000
67, 31459000
67, 31300000
67, 31807000
67, 31800000
67, 32615000
67, 31384000
67, 31690000
67, 31312000
67, 31421000
67, 31597000
67, 32130000
67, 31276000
67, 31274000
67, 31252000
67, 31955000
67, 31332000
67, 34071000
67, 31548000
67, 31546000
67, 31576000
67, 31594000
67, 31550000
68, 32270000
68, 31910000
68, 31769000
68, 31671000
68, 33900000
68, 33973000
68, 31713000
68, 32406000
68, 32345000
68, 31721000
68, 32207000
68, 31639000
68, 33200000
68, 33114000
68, 31451000
68, 31325000
68, 31309000
68, 31247000
68, 32475000
68, 31912000
68, 31362000
68, 31267000
68, 31265000
68, 31284000
68, 31442000
68, 31362000
68, 31396000
68, 31436000
68, 31331000
68, 31342000
68, 31888000
68, 31844000
68, 31321000
68, 31285000
68, 31273000
68, 31268000
68, 32035000
68, 31090000
68, 31203000
68, 31598000
68, 31857000
68, 32051000
68, 31592000
68, 32187000
68, 32468000
68, 31733000
68, 31713000
68, 31583000
68, 31887000
68, 31582000
69, 32867000
69, 31868000
69, 31493000
69, 31507000
69, 31597000
69, 31547000
69, 31568000
69, 31680000
69, 31529000
69, 31481000
69, 32110000
69, 31593000
69, 31677000
69, 31531000
69, 32142000
69, 31542000
69, 31567000
69, 32173000
69, 31605000
69, 31595000
69, 31877000
69, 31569000
69, 31788000
69, 31635000
69, 31560000
69, 33146000
69, 36653000
69, 31456000
69, 31333000
69, 31275000
69, 31373000
69, 31741000
69, 33952000
69, 32048000
69, 31107000
69, 31094000
69, 31139000
69, 31980000
69, 32083000
69, 31799000
69, 31698000
69, 31508000
69, 31596000
69, 35326000
69, 31737000
69, 34058000
69, 31805000
69, 31708000
69, 31858000
69, 32109000
70, 31561000
70, 45303000
70, 32134000
70, 31666000
70, 31597000
70, 31632000
70, 32061000
70, 38639000
70, 31799000
70, 32119000
70, 35934000
70, 31868000
70, 32881000
70, 32627000
70, 31915000
70, 31298000
70, 31130000
70, 31234000
70, 32654000
70, 31351000
70, 31806000
70, 31302000
70, 31846000
70, 31252000
70, 31250000
70, 31893000
70, 32350000
70, 31650000
70, 31899000
70, 31706000
70, 31643000
70, 31567000
70, 31186000
70, 31181000
70, 31153000
70, 31149000
70, 31152000
70, 32659000
70, 31390000
70, 31447000
70, 31876000
70, 31373000
70, 32204000
70, 31304000
70, 31889000
70, 31273000
70, 32429000
70, 32474000
70, 31229000
70, 31246000
71, 32050000
71, 31630000
71, 31703000
71, 31578000
71, 31591000
71, 33069000
71, 31605000
71, 31678000
71, 32188000
71, 31883000
71, 31525000
71, 31931000
71, 31528000
71, 35066000
71, 52452000
71, 31734000
71, 32350000
71, 35401000
71, 31981000
71, 31313000
71, 31124000
71, 31270000
71, 31165000
71, 35235000
71, 32750000
71, 31291000
71, 31190000
71, 31280000
71, 31413000
71, 31270000
71, 31229000
71, 31308000
71, 31237000
71, 31334000
71, 31506000
71, 31150000
71, 31113000
71, 31191000
71, 31797000
71, 31345000
71, 31264000
71, 31384000
71, 31297000
71, 31256000
71, 32554000
71, 31926000
71, 31101000
71, 32203000
71, 32217000
71, 31695000
72, 31476000
72, 35223000
72, 31306000
72, 31250000
72, 31229000
72, 31502000
72, 32200000
72, 31264000
72, 31231000
72, 31198000
72, 31239000
72, 31224000
72, 31240000
72, 31311000
72, 31254000
72, 31222000
72, 31242000
72, 31296000
72, 31230000
72, 32045000
72, 31767000
72, 31687000
72, 31569000
72, 31880000
72, 31512000
72, 31787000
72, 31733000
72, 31491000
72, 31567000
72, 31519000
72, 31574000
72, 33017000
72, 32983000
72, 31329000
72, 32015000
72, 31286000
72, 32238000
72, 32574000
72, 31343000
72, 31268000
72, 31216000
72, 31238000
72, 31221000
72, 31279000
72, 31995000
72, 31533000
72, 31686000
72, 31592000
72, 31470000
72, 31575000
73, 32762000
73, 32168000
73, 31611000
73, 31659000
73, 33668000
73, 33931000
73, 31833000
73, 31521000
73, 32283000
73, 35933000
73, 32001000
73, 31644000
73, 33526000
73, 31868000
73, 31550000
73, 31311000
73, 31173000
73, 31160000
73, 31489000
73, 31418000
73, 31284000
73, 31489000
73, 31951000
73, 31144000
73, 31259000
73, 31401000
73, 31373000
73, 31229000
73, 31193000
73, 31319000
73, 32329000
73, 31869000
73, 32345000
73, 32039000
73, 31658000
73, 31345000
73, 31291000
73, 31286000
73, 31369000
73, 31174000
73, 31252000
73, 31219000
73, 31134000
73, 32134000
73, 31488000
73, 31957000
73, 31290000
73, 31354000
73, 31284000
73, 31239000
74, 32950000
74, 31515000
74, 31292000
74, 31729000
74, 31121000
74, 31198000
74, 32184000
74, 31263000
74, 31305000
74, 31277000
74, 31252000
74, 33016000
74, 31211000
74, 31470000
74, 31597000
74, 31371000
74, 31990000
74, 31203000
74, 31165000
74, 31165000
74, 31342000
74, 31987000
74, 31319000
74, 31873000
74, 31316000
74, 31487000
74, 31681000
74, 31447000
74, 31390000
74, 31248000
74, 31289000
74, 31245000
74, 31506000
74, 31340000
74, 31293000
74, 31319000
74, 31450000
74, 31261000
74, 31232000
74, 31304000
74, 31243000
74, 31236000
74, 31293000
74, 31262000
74, 31302000
74, 31284000
74, 36350000
74, 35547000
74, 36661000
74, 35019000
75, 34811000
75, 34888000
75, 32246000
75, 32640000
75, 31891000
75, 31380000
75, 31513000
75, 31431000
75, 31296000
75, 31272000
75, 31276000
75, 31461000
75, 32013000
75, 32117000
75, 31346000
75, 32157000
75, 31285000
75, 31317000
75, 31368000
75, 31336000
75, 31338000
75, 31367000
75, 31265000
75, 31293000
75, 31895000
75, 31277000
75, 31317000
75, 32066000
75, 31273000
75, 31264000
75, 31239000
75, 31367000
75, 31251000
75, 31355000
75, 31274000
75, 31253000
75, 31218000
75, 31211000
75, 31916000
75, 31861000
75, 31164000
75, 31182000
75, 32120000
75, 31326000
75, 31300000
75, 31439000
75, 31285000
75, 31264000
75, 31310000
75, 31278000
76, 31265000
76, 31356000
76, 31284000
76, 31269000
76, 31994000
76, 32064000
76, 31281000
76, 31345000
76, 31358000
76, 31365000
76, 31284000
76, 31279000
76, 31263000
76, 31252000
76, 31316000
76, 32203000
76, 31473000
76, 31301000
76, 31162000
76, 32352000
76, 31981000
76, 31207000
76, 32420000
76, 31309000
76, 31287000
76, 31459000
76, 32721000
76, 31328000
76, 31161000
76, 31196000
76, 31901000
76, 31299000
76, 31273000
76, 31314000
76, 31278000
76, 31286000
76, 31899000
76, 31870000
76, 31206000
76, 31227000
76, 31431000
76, 31620000
76, 31926000
76, 31831000
76, 31628000
76, 31666000
76, 32035000
76, 31972000
76, 31467000
76, 31784000
77, 31545000
77, 31716000
77, 34387000
77, 31402000
77, 32927000
77, 31814000
77, 31952000
77, 31532000
77, 31481000
77, 31452000
77, 31284000
77, 31309000
77, 31497000
77, 31273000
77, 31243000
77, 31547000
77, 31239000
77, 31288000
77, 31241000
77, 31465000
77, 31328000
77, 31294000
77, 31312000
77, 31273000
77, 31289000
77, 31282000
77, 31320000
77, 31260000
77, 31497000
77, 32010000
77, 31989000
77, 34818000
77, 31669000
77, 32312000
77, 33669000
77, 32445000
77, 31287000
77, 31276000
77, 31194000
77, 31228000
77, 31565000
77, 31842000
77, 31273000
77, 31247000
77, 31302000
77, 31396000
77, 33616000
77, 31388000
77, 31258000
77, 31933000
78, 31092000
78, 31181000
78, 31302000
78, 31304000
78, 31296000
78, 31157000
78, 31165000
78, 31403000
78, 31424000
78, 31210000
78, 31293000
78, 31533000
78, 31177000
78, 32013000
78, 31247000
78, 32078000
78, 31799000
78, 31348000
78, 31399000
78, 31498000
78, 31205000
78, 31976000
78, 31481000
78, 31832000
78, 31109000
78, 31854000
78, 34840000
78, 31174000
78, 31221000
78, 31192000
78, 31171000
78, 31178000
78, 31352000
78, 32161000
78, 31354000
78, 31441000
78, 32055000
78, 31147000
78, 31893000
78, 31286000
78, 31275000
78, 31260000
78, 31281000
78, 31322000
78, 31251000
78, 31259000
78, 31502000
78, 31355000
78, 31882000
78, 31420000
79, 31179000
79, 31141000
79, 31123000
79, 32028000
79, 31303000
79, 31263000
79, 31251000
79, 31250000
79, 32615000
79, 31984000
79, 32144000
79, 31685000
79, 31729000
79, 31934000
79, 31696000
79, 31630000
79, 32300000
79, 31821000
79, 31579000
79, 31571000
79, 31495000
79, 31737000
79, 31557000
79, 37999000
79, 31790000
79, 31702000
79, 31545000
79, 32646000
79, 33788000
79, 31696000
79, 31541000
79, 32652000
79, 31171000
79, 31128000
79, 32234000
79, 32181000
79, 31304000
79, 32450000
79, 31397000
79, 32218000
79, 31257000
79, 31382000
79, 33247000
79, 31262000
79, 31272000
79, 31745000
79, 31964000
79, 31240000
79, 32102000
79, 31264000
80, 31275000
80, 31971000
80, 31256000
80, 31258000
80, 31713000
80, 31541000
80, 31733000
80, 31790000
80, 31630000
80, 31884000
80, 33296000
80, 32068000
80, 31484000
80, 31520000
80, 31630000
80, 31825000
80, 32821000
80, 32177000
80, 31509000
80, 31735000
80, 31639000
80, 31761000
80, 31745000
80, 31723000
80, 31751000
80, 31922000
80, 32193000
80, 31655000
80, 31572000
80, 31517000
80, 32224000
80, 31942000
80, 31468000
80, 31782000
80, 31908000
80, 31824000
80, 31799000
80, 32178000
80, 31791000
80, 31578000
80, 31614000
80, 33945000
80, 32073000
80, 31754000
80, 31555000
80, 31731000
80, 31968000
80, 32792000
80, 32236000
80, 31800000
81, 31650000
81, 31776000
81, 31734000
81, 35669000
81, 31595000
81, 31673000
81, 32103000
81, 31656000
81, 31564000
81, 31813000
81, 34508000
81, 31770000
81, 31736000
81, 32113000
81, 31687000
81, 31742000
81, 31649000
81, 36807000
81, 35233000
81, 31626000
81, 31894000
81, 38041000
81, 33465000
81, 32294000
81, 31320000
81, 31603000
81, 31567000
81, 31473000
81, 33006000
81, 31235000
81, 31364000
81, 32187000
81, 32251000
81, 31910000
81, 31301000
81, 31899000
81, 31305000
81, 31349000
81, 31775000
81, 31159000
81, 31159000
81, 31284000
81, 31301000
81, 31322000
81, 31383000
81, 31259000
81, 31282000
81, 31267000
81, 31501000
81, 32030000
82, 31696000
82, 31660000
82, 31629000
82, 33624000
82, 32128000
82, 31482000
82, 31823000
82, 31829000
82, 31831000
82, 33275000
82, 32235000
82, 31541000
82, 31582000
82, 31663000
82, 31667000
82, 35079000
82, 32372000
82, 31414000
82, 32336000
82, 32152000
82, 31755000
82, 31491000
82, 31731000
82, 31782000
82, 31696000
82, 31582000
82, 31964000
82, 31656000
82, 31624000
82, 31774000
82, 32274000
82, 33286000
82, 31733000
82, 31485000
82, 33301000
82, 31781000
82, 31546000
82, 31463000
82, 31425000
82, 31262000
82, 32769000
82, 31629000
82, 31253000
82, 31252000
82, 31322000
82, 34861000
82, 31160000
82, 31321000
82, 32132000
82, 31256000
83, 31358000
83, 31270000
83, 31883000
83, 34409000
83, 31339000
83, 31427000
83, 31281000
83, 31258000
83, 31406000
83, 31312000
83, 31290000
83, 31304000
83, 31249000
83, 31707000
83, 31236000
83, 31284000
83, 32384000
83, 31683000
83, 31419000
83, 31811000
83, 31096000
83, 31159000
83, 31411000
83, 31702000
83, 31338000
83, 31230000
83, 31097000
83, 31107000
83, 32021000
83, 31327000
83, 31322000
83, 31258000
83, 31196000
83, 31084000
83, 31379000
83, 31231000
83, 31303000
83, 31885000
83, 31809000
83, 31637000
83, 31908000
83, 32876000
83, 31860000
83, 32746000
83, 32242000
83, 31953000
83, 31242000
83, 31684000
83, 31711000
83, 31316000
84, 35036000
84, 31169000
84, 31155000
84, 32159000
84, 31504000
84, 31358000
84, 31233000
84, 31252000
84, 31353000
84, 31234000
84, 31270000
84, 31257000
84, 31222000
84, 31278000
84, 31238000
84, 32550000
84, 31378000
84, 31395000
84, 31596000
84, 31644000
84, 31866000
84, 31626000
84, 31527000
84, 32720000
84, 31829000
84, 31496000
84, 31837000
84, 31424000
84, 31979000
84, 39765000
84, 31970000
84, 33602000
84, 32133000
84, 31088000
84, 31086000
84, 31587000
84, 31352000
84, 31283000
84, 31246000
84, 31228000
84, 31218000
84, 31644000
84, 32233000
84, 31421000
84, 38393000
84, 32462000
84, 32609000
84, 31921000
84, 31929000
84, 31311000
85, 31239000
85, 31289000
85, 31256000
85, 31286000
85, 31440000
85, 31511000
85, 31231000
85, 31251000
85, 31250000
85, 31236000
85, 31601000
85, 31210000
85, 31204000
85, 31174000
85, 31162000
85, 31744000
85, 31525000
85, 32091000
85, 31155000
85, 31138000
85, 31161000
85, 31721000
85, 31306000
85, 31271000
85, 31313000
85, 31257000
85, 31279000
85, 31209000
85, 31181000
85, 31222000
85, 31496000
85, 31582000
85, 31290000
85, 31127000
85, 31173000
85, 31194000
85, 31153000
85, 31659000
85, 31553000
85, 31516000
85, 31795000
85, 32055000
85, 33597000
85, 31662000
85, 32129000
85, 35953000
85, 31911000
85, 31617000
85, 35514000
85, 32028000
86, 33053000
86, 31677000
86, 31755000
86, 31605000
86, 34048000
86, 31475000
86, 32062000
86, 33400000
86, 31566000
86, 31467000
86, 32001000
86, 32018000
86, 31823000
86, 31600000
86, 31673000
86, 31836000
86, 32091000
86, 31664000
86, 37748000
86, 33297000
86, 36136000
86, 32064000
86, 33038000
86, 33051000
86, 31298000
86, 31289000
86, 33378000
86, 31243000
86, 31293000
86, 33269000
86, 33158000
86, 31274000
86, 31260000
86, 31269000
86, 31239000
86, 31375000
86, 31974000
86, 31944000
86, 31622000
86, 31470000
86, 31605000
86, 31851000
86, 31587000
86, 31762000
86, 31947000
86, 36266000
86, 36231000
86, 31874000
86, 32800000
86, 31411000
87, 31283000
87, 31690000
87, 31432000
87, 31268000
87, 31942000
87, 31311000
87, 31285000
87, 31303000
87, 33064000
87, 31269000
87, 31300000
87, 31723000
87, 31302000
87, 31243000
87, 31542000
87, 31324000
87, 31258000
87, 31510000
87, 31462000
87, 31298000
87, 31378000
87, 31273000
87, 31154000
87, 31234000
87, 32087000
87, 32491000
87, 34940000
87, 31604000
87, 31853000
87, 31783000
87, 32205000
87, 31270000
87, 31262000
87, 31693000
87, 31262000
87, 32145000
87, 32233000
87, 32016000
87, 31148000
87, 31173000
87, 31198000
87, 31153000
87, 32186000
87, 33139000
87, 31224000
87, 31315000
87, 31075000
87, 31088000
87, 31102000
87, 31208000
88, 31159000
88, 31176000
88, 31135000
88, 32232000
88, 31250000
88, 31302000
88, 39655000
88, 34707000
88, 32379000
88, 32222000
88, 34560000
88, 31756000
88, 31188000
88, 31081000
88, 31516000
88, 31335000
88, 31260000
88, 32117000
88, 32149000
88, 31337000
88, 31347000
88, 32987000
88, 32046000
88, 31524000
88, 32322000
88, 31350000
88, 31270000
88, 31247000
88, 31272000
88, 31250000
88, 35952000
88, 31860000
88, 31821000
88, 31465000
88, 31828000
88, 31633000
88, 31775000
88, 31815000
88, 34575000
88, 34044000
88, 31788000
88, 31952000
88, 31516000
88, 31894000
88, 31681000
88, 31582000
88, 31761000
88, 31794000
88, 32974000
88, 31798000
89, 31808000
89, 32196000
89, 31692000
89, 31801000
89, 32763000
89, 31942000
89, 31538000
89, 32116000
89, 31416000
89, 31794000
89, 31652000
89, 35205000
89, 31673000
89, 31651000
89, 31575000
89, 31843000
89, 31974000
89, 31664000
89, 39378000
89, 32590000
89, 32681000
89, 31602000
89, 31622000
89, 31794000
89, 31757000
89, 31694000
89, 32121000
89, 31722000
89, 31878000
89, 35135000
89, 31943000
89, 31570000
89, 31618000
89, 31613000
89, 31419000
89, 32978000
89, 31759000
89, 31722000
89, 31728000
89, 31489000
89, 35640000
89, 31812000
89, 34617000
89, 31568000
89, 31477000
89, 32131000
89, 31777000
89, 31767000
89, 31676000
89, 31775000
90, 33749000
90, 35793000
90, 31963000
90, 31765000
90, 31817000
90, 31339000
90, 31267000
90, 31374000
90, 31567000
90, 31416000
90, 31907000
90, 32027000
90, 31814000
90, 31341000
90, 31312000
90, 31281000
90, 31499000
90, 31378000
90, 31278000
90, 31783000
90, 31091000
90, 31094000
90, 31109000
90, 31174000
90, 31231000
90, 31419000
90, 31290000
90, 31336000
90, 31258000
90, 31235000
90, 31529000
90, 31595000
90, 32147000
90, 31714000
90, 32986000
90, 31603000
90, 32410000
90, 31973000
90, 31521000
90, 32217000
90, 32505000
90, 31994000
90, 33963000
90, 31696000
90, 31478000
90, 37846000
90, 32046000
90, 31585000
90, 32726000
90, 32058000
91, 31473000
91, 31765000
91, 32802000
91, 31629000
91, 31560000
91, 34170000
91, 31295000
91, 32042000
91, 31056000
91, 31422000
91, 31631000
91, 31552000
91, 31491000
91, 32203000
91, 31292000
91, 31568000
91, 31306000
91, 33979000
91, 31593000
91, 31541000
91, 31195000
91, 31173000
91, 31378000
91, 31408000
91, 31260000
91, 31283000
91, 31355000
91, 31257000
91, 31172000
91, 32991000
91, 33600000
91, 31396000
91, 31284000
91, 31274000
91, 31268000
91, 31877000
91, 31142000
91, 31106000
91, 31775000
91, 31254000
91, 31251000
91, 31312000
91, 31489000
91, 35663000
91, 31131000
91, 31158000
91, 31120000
91, 32069000
91, 32608000
91, 32026000
92, 31153000
92, 31124000
92, 31244000
92, 31162000
92, 32465000
92, 32293000
92, 31251000
92, 32221000
92, 31113000
92, 31132000
92, 31117000
92, 32217000
92, 31767000
92, 31664000
92, 31779000
92, 31732000
92, 31813000
92, 31726000
92, 35132000
92, 32837000
92, 33439000
92, 31857000
92, 31614000
92, 31625000
92, 31832000
92, 32490000
92, 35874000
92, 34639000
92, 31791000
92, 32031000
92, 34818000
92, 31936000
92, 32039000
92, 32445000
92, 34721000
92, 32928000
92, 33206000
92, 31358000
92, 31735000
92, 34613000
92, 31512000
92, 31839000
92, 31657000
92, 31966000
92, 31269000
92, 31245000
92, 31249000
92, 31259000
92, 31376000
92, 31904000
93, 31278000
93, 31903000
93, 31109000
93, 31093000
93, 31796000
93, 31477000
93, 31319000
93, 31252000
93, 31310000
93, 31318000
93, 33640000
93, 33330000
93, 31521000
93, 32032000
93, 32069000
93, 31451000
93, 31778000
93, 31197000
93, 31257000
93, 31167000
93, 34798000
93, 31291000
93, 31276000
93, 31447000
93, 31324000
93, 31255000
93, 31317000
93, 31342000
93, 31250000
93, 31268000
93, 31250000
93, 31261000
93, 31258000
93, 31241000
93, 31657000
93, 31109000
93, 32043000
93, 32376000
93, 31680000
93, 31504000
93, 31982000
93, 31873000
93, 31815000
93, 32286000
93, 32942000
93, 33074000
93, 35794000
93, 32436000
93, 33066000
93, 32131000
94, 32620000
94, 32432000
94, 32048000
94, 33065000
94, 34616000
94, 39437000
94, 34846000
94, 32957000
94, 32914000
94, 32490000
94, 33629000
94, 32884000
94, 32510000
94, 32570000
94, 32657000
94, 32960000
94, 32372000
94, 32276000
94, 32602000
94, 31999000
94, 32695000
94, 32668000
94, 32095000
94, 32831000
94, 32289000
94, 33075000
94, 32537000
94, 32105000
94, 34480000
94, 33791000
94, 32016000
94, 34781000
94, 32527000
94, 33583000
94, 32731000
94, 32118000
94, 32181000
94, 32037000
94, 31404000
94, 31316000
94, 31358000
94, 31931000
94, 33702000
94, 31927000
94, 31853000
94, 31105000
94, 31866000
94, 31272000
94, 31480000
94, 31314000
95, 31485000
95, 31285000
95, 31789000
95, 31203000
95, 31566000
95, 31498000
95, 31406000
95, 31366000
95, 31349000
95, 31808000
95, 31603000
95, 32159000
95, 31767000
95, 31793000
95, 35962000
95, 31623000
95, 32562000
95, 31785000
95, 32902000
95, 31914000
95, 31824000
95, 31659000
95, 31608000
95, 31664000
95, 31689000
95, 31720000
95, 31649000
95, 31746000
95, 32556000
95, 31625000
95, 31515000
95, 31470000
95, 31545000
95, 31448000
95, 31397000
95, 31518000
95, 31492000
95, 31469000
95, 31476000
95, 31497000
95, 33342000
95, 34676000
95, 35053000
95, 33516000
95, 33289000
95, 33557000
95, 32405000
95, 32753000
95, 33555000
95, 32423000
96, 31893000
96, 32693000
96, 31621000
96, 31728000
96, 31475000
96, 31528000
96, 32595000
96, 32715000
96, 31294000
96, 31385000
96, 31345000
96, 31410000
96, 32731000
96, 32437000
96, 31251000
96, 31270000
96, 31248000
96, 33046000
96, 33279000
96, 31742000
96, 32344000
96, 32234000
96, 32618000
96, 32092000
96, 32877000
96, 33866000
96, 33138000
96, 33227000
96, 38378000
96, 43507000
96, 33803000
96, 40209000
96, 50322000
96, 40183000
96, 37909000
96, 33011000
96, 33193000
96, 37966000
96, 32275000
96, 31717000
96, 31501000
96, 31508000
96, 31619000
96, 31554000
96, 31500000
96, 31601000
96, 31652000
96, 32431000
96, 32283000
96, 31574000
97, 31877000
97, 37297000
97, 32797000
97, 31507000
97, 31675000
97, 31532000
97, 31757000
97, 31638000
97, 32776000
97, 32732000
97, 31486000
97, 32070000
97, 33335000
97, 32339000
97, 31751000
97, 31382000
97, 31546000
97, 31337000
97, 31347000
97, 31288000
97, 31376000
97, 33648000
97, 36070000
97, 35100000
97, 32476000
97, 31660000
97, 31685000
97, 31361000
97, 32366000
97, 31115000
97, 31383000
97, 31760000
97, 32299000
97, 32219000
97, 31810000
97, 31536000
97, 31996000
97, 31229000
97, 33502000
97, 31379000
97, 31292000
97, 31397000
97, 31117000
97, 31611000
97, 31338000
97, 31383000
97, 31381000
97, 31320000
97, 31345000
97, 31276000
98, 31299000
98, 31521000
98, 31585000
98, 33333000
98, 31880000
98, 31462000
98, 31683000
98, 31561000
98, 31547000
98, 33202000
98, 31500000
98, 34537000
98, 31405000
98, 32026000
98, 32280000
98, 31506000
98, 31478000
98, 33045000
98, 31369000
98, 31557000
98, 31483000
98, 31677000
98, 31428000
98, 31961000
98, 31289000
98, 31454000
98, 31855000
98, 49972000
98, 40274000
98, 34820000
98, 32183000
98, 31688000
98, 32598000
98, 31240000
98, 31298000
98, 31294000
98, 31212000
98, 31208000
98, 31227000
98, 31216000
98, 31154000
98, 31167000
98, 31307000
98, 31462000
98, 31618000
98, 32186000
98, 32735000
98, 31157000
98, 31118000
98, 31139000
99, 35904000
99, 31371000
99, 31316000
99, 31260000
99, 31247000
99, 31364000
99, 31341000
99, 32899000
99, 31253000
99, 33182000
99, 32187000
99, 31153000
99, 31113000
99, 32052000
99, 31351000
99, 31991000
99, 31250000
99, 31149000
99, 31138000
99, 31868000
99, 31542000
99, 31809000
99, 31673000
99, 31883000
99, 31588000
99, 34095000
99, 31706000
99, 31320000
99, 31298000
99, 31335000
99, 31290000
99, 31270000
99, 31523000
99, 32147000
99, 32403000
99, 31318000
99, 31256000
99, 31934000
99, 31123000
99, 31335000
99, 31479000
99, 33709000
99, 31252000
99, 31186000
99, 31924000
99, 31359000
99, 31325000
99, 31677000
99, 31116000
99, 31142000
100, 32131000
100, 31410000
100, 31915000
100, 31177000
100, 31141000
100, 32158000
100, 31398000
100, 31428000
100, 31354000
100, 31269000
100, 31278000
100, 31970000
100, 31213000
100, 32182000
100, 31545000
100, 31568000
100, 32062000
100, 31948000
100, 31464000
100, 31725000
100, 32196000
100, 31731000
100, 31539000
100, 31861000
100, 31740000
100, 31465000
100, 31998000
100, 32991000
100, 31725000
100, 31660000
100, 31772000
100, 31738000
100, 31683000
100, 31664000
100, 31596000
100, 31726000
100, 32265000
100, 31775000
100, 32947000
100, 33579000
100, 32563000
100, 31893000
100, 31197000
100, 31614000
100, 32814000
100, 31305000
100, 31288000
100, 32141000
100, 31291000
100, 31288000
