0, 23783600
0, 24533400
0, 23818500
0, 26619300
0, 23780900
0, 23794600
0, 23900100
0, 23860300
0, 24523800
0, 23821800
0, 23694900
0, 23740600
0, 25747400
0, 23978800
0, 23780200
0, 24032400
0, 23895000
0, 23807000
0, 23791000
0, 23763300
0, 24785400
0, 23797000
0, 25089600
0, 24077900
0, 23790300
0, 23768100
0, 23792600
0, 24158900
0, 23836500
0, 23790600
0, 23953000
0, 24301800
0, 23959700
0, 25124900
0, 23838200
0, 23972500
0, 23859500
0, 23815700
0, 23844500
0, 24747400
0, 24195000
0, 23837200
0, 23911100
0, 24208900
0, 23917700
0, 23793200
0, 23887000
0, 24380300
0, 23881700
0, 23853500
1, 23872200
1, 23832800
1, 24249000
1, 24104800
1, 30767000
1, 23912600
1, 24193000
1, 23856100
1, 23894000
1, 23822900
1, 23891800
1, 27741700
1, 25960100
1, 24123900
1, 25038800
1, 24326400
1, 23778300
1, 25011600
1, 30841400
1, 23822600
1, 27681600
1, 23949300
1, 24527700
1, 23836400
1, 24429500
1, 23786700
1, 23897700
1, 24176800
1, 23918000
1, 23927100
1, 24909200
1, 24632700
1, 23991400
1, 23775300
1, 24127700
1, 23895900
1, 24187400
1, 23889500
1, 24021000
1, 23871900
1, 27278900
1, 27914000
1, 23833300
1, 25142300
1, 29592900
1, 24488000
1, 23933600
1, 24200900
1, 23933300
1, 23932700
2, 23817800
2, 23857700
2, 26140200
2, 24075900
2, 24146500
2, 27369900
2, 23897900
2, 23820800
2, 24026400
2, 23872900
2, 23828800
2, 23823300
2, 23864300
2, 23877100
2, 25923700
2, 24083300
2, 24466000
2, 23882000
2, 23952700
2, 23841800
2, 27588500
2, 23863800
2, 24579700
2, 23848800
2, 27770600
2, 23820500
2, 24311400
2, 24271700
2, 23991900
2, 23878100
2, 23903800
2, 25885300
2, 23769500
2, 23936600
2, 23943800
2, 33277300
2, 37579200
2, 37418600
2, 36916600
2, 36577900
2, 37247800
2, 31809800
2, 26138600
2, 33712600
2, 23938200
2, 23846000
2, 23934000
2, 23878000
2, 23798300
2, 24216000
3, 24197500
3, 23955200
3, 24857700
3, 23788200
3, 24645100
3, 23841200
3, 23759700
3, 24441400
3, 23891600
3, 23804300
3, 26442000
3, 27093600
3, 24685700
3, 23861400
3, 26638500
3, 24184400
3, 24261400
3, 23857300
3, 23849000
3, 25630000
3, 23875000
3, 23898800
3, 26381200
3, 23981600
3, 23826300
3, 25410500
3, 24011400
3, 23897400
3, 23835400
3, 23883800
3, 24009900
3, 29806400
3, 24214800
3, 28530200
3, 24588400
3, 24075800
3, 23885900
3, 23859200
3, 23820800
3, 23867400
3, 23769900
3, 23759700
3, 23824400
3, 23761400
3, 23847100
3, 24398200
3, 23863500
3, 23809300
3, 25726100
3, 23960500
4, 23849700
4, 29638400
4, 27863600
4, 24053400
4, 23990100
4, 23900200
4, 24428300
4, 24069500
4, 30042600
4, 23857600
4, 24190800
4, 23823200
4, 27984700
4, 28806600
4, 23901000
4, 23859000
4, 24399800
4, 23783600
4, 23864400
4, 23750000
4, 24354200
4, 26586600
4, 24110800
4, 24028800
4, 23837400
4, 23890800
4, 23759400
4, 24011100
4, 23777800
4, 23993200
4, 23838500
4, 23916800
4, 23820900
4, 23840400
4, 23999500
4, 24424800
4, 23803400
4, 24810400
4, 23940500
4, 24905700
4, 23892900
4, 23902600
4, 23893000
4, 23958900
4, 23945600
4, 24022900
4, 24037500
4, 24138800
4, 24323900
4, 23945600
5, 26655900
5, 23799800
5, 23859600
5, 27849200
5, 25234500
5, 23874200
5, 24423300
5, 23904600
5, 27717700
5, 23943600
5, 24211700
5, 24383200
5, 29904300
5, 24238600
5, 24020500
5, 23947300
5, 28159900
5, 23887400
5, 24231000
5, 23873800
5, 23992500
5, 23873100
5, 24238000
5, 24577700
5, 24639200
5, 27652700
5, 23774600
5, 23919000
5, 24445100
5, 28445500
5, 23905600
5, 23876800
5, 27286400
5, 24038400
5, 24236000
5, 23867500
5, 24004600
5, 24162100
5, 23916100
5, 23885000
5, 24014800
5, 23877900
5, 23918900
5, 24015200
5, 31408500
5, 23976700
5, 23783500
5, 24584500
5, 24091100
5, 24557900
6, 23872000
6, 23885400
6, 30948900
6, 26204500
6, 23853600
6, 23879700
6, 24194700
6, 24019100
6, 24775200
6, 24317400
6, 23960600
6, 31274900
6, 27912900
6, 24093300
6, 23901100
6, 23771600
6, 23863200
6, 23844600
6, 23856500
6, 24493200
6, 24828900
6, 24438500
6, 23843600
6, 23908000
6, 23860400
6, 23841600
6, 23861400
6, 24284100
6, 23895700
6, 23933500
6, 24036800
6, 23848100
6, 23813100
6, 23777900
6, 26309500
6, 27625100
6, 23847000
6, 23950000
6, 23836500
6, 24005800
6, 24462000
6, 28196100
6, 25720900
6, 24319300
6, 26959300
6, 23844100
6, 24388900
6, 23961200
6, 23827200
6, 24167800
7, 23924400
7, 23976100
7, 23934300
7, 24085000
7, 23884800
7, 24450800
7, 24561300
7, 23917100
7, 23899000
7, 24199300
7, 23922500
7, 25366500
7, 24008500
7, 23817800
7, 24088800
7, 24137000
7, 23884100
7, 23880900
7, 24234400
7, 24280800
7, 24241100
7, 23869300
7, 24268800
7, 25127300
7, 23784400
7, 30338900
7, 37952300
7, 35542100
7, 23871700
7, 23897700
7, 24615600
7, 24488800
7, 30312900
7, 25870600
7, 27415000
7, 23780600
7, 23771700
7, 23770100
7, 23805300
7, 23771000
7, 23772900
7, 23986100
7, 23851700
7, 24429500
7, 23825300
7, 23808900
7, 23848800
7, 23811000
7, 23772600
7, 23754300
8, 24697000
8, 24476600
8, 23978400
8, 23806500
8, 23940000
8, 23944400
8, 23854500
8, 24186800
8, 24541600
8, 24099800
8, 23843100
8, 23987300
8, 23810600
8, 24529400
8, 26476200
8, 39603100
8, 28540300
8, 27531000
8, 26139700
8, 26106600
8, 25919900
8, 27808400
8, 27527700
8, 27066500
8, 27223300
8, 28008700
8, 27582500
8, 26727000
8, 28425100
8, 26875000
8, 28045800
8, 26242100
8, 26733400
8, 26903100
8, 27428200
8, 26999700
8, 27521300
8, 27637600
8, 32312600
8, 32880600
8, 36721300
8, 31272900
8, 32612500
8, 33904100
8, 24933600
8, 24348200
8, 25182000
8, 29232500
8, 25134100
8, 24226100
9, 25753300
9, 24268600
9, 24449800
9, 24360100
9, 24390700
9, 24277600
9, 24232500
9, 24374500
9, 25293400
9, 24797400
9, 32488800
9, 27342500
9, 27194600
9, 26930900
9, 27199700
9, 26822500
9, 28740200
9, 30828600
9, 27552500
9, 27596500
9, 29786700
9, 28385700
9, 27574700
9, 28300000
9, 28366300
9, 29003600
9, 29338800
9, 35444600
9, 30191200
9, 26322300
9, 26788900
9, 30175600
9, 26722300
9, 25654400
9, 25879500
9, 26010800
9, 27004900
9, 30350700
9, 28309100
9, 27681600
9, 28230100
9, 26973100
9, 27414900
9, 35975500
9, 29586100
9, 28398400
9, 27897500
9, 26787200
9, 27069900
9, 26530300
10, 27351400
10, 27033600
10, 27207300
10, 27998900
10, 28653800
10, 28683800
10, 28856600
10, 28279700
10, 28539500
10, 25971100
10, 23890700
10, 23877700
10, 23960400
10, 24629500
10, 24410300
10, 23792700
10, 23856300
10, 24002900
10, 31901300
10, 29975400
10, 25050500
10, 24527000
10, 23862400
10, 23939700
10, 33776400
10, 24548500
10, 29373000
10, 24612300
10, 24153400
10, 24294900
10, 25256700
10, 24610100
10, 31631800
10, 35003800
10, 27281200
10, 32076200
10, 34115400
10, 34670900
10, 23879800
10, 23867600
10, 23773700
10, 23764300
10, 24149400
10, 27130100
10, 23918300
10, 23771400
10, 23786000
10, 23829700
10, 24738300
10, 23770700
11, 23909100
11, 23777400
11, 24481900
11, 23792700
11, 23772000
11, 23830900
11, 23897000
11, 23895700
11, 24043800
11, 23835500
11, 28072100
11, 24734700
11, 32819300
11, 27149400
11, 27305400
11, 26933000
11, 27247800
11, 27987700
11, 28118100
11, 30968100
11, 26992800
11, 31763500
11, 27685900
11, 26730800
11, 25967700
11, 25643600
11, 27053900
11, 27113600
11, 26999900
11, 30089900
11, 33814900
11, 33321000
11, 28255300
11, 27869100
11, 27603900
11, 27681800
11, 27382100
11, 27397300
11, 27310800
11, 27505100
11, 27561100
11, 27250700
11, 27777800
11, 27613900
11, 35756800
11, 27561500
11, 28077600
11, 32633700
11, 28284500
11, 27750400
12, 27722700
12, 27571200
12, 27062500
12, 26985900
12, 31671200
12, 35930400
12, 27572400
12, 27265700
12, 27238900
12, 28528300
12, 27411200
12, 27534200
12, 27189300
12, 28081500
12, 28421800
12, 26956100
12, 26533800
12, 26254000
12, 26517200
12, 25835500
12, 28083700
12, 25704000
12, 26252100
12, 26753100
12, 25874000
12, 26720200
12, 27164400
12, 27856300
12, 27332100
12, 27210300
12, 28768900
12, 33564500
12, 33595500
12, 33785200
12, 31067200
12, 31692000
12, 34447800
12, 29661000
12, 27699100
12, 28614200
12, 28385800
12, 26554100
12, 28457500
12, 24740300
12, 24453100
12, 24240000
12, 25345100
12, 24261400
12, 24597400
12, 23933600
13, 23842500
13, 23795700
13, 23867300
13, 23757200
13, 23848400
13, 23823200
13, 23763900
13, 25625500
13, 23872500
13, 23911900
13, 23938800
13, 23885000
13, 23834800
13, 23886300
13, 23982600
13, 25716400
13, 30075800
13, 24040600
13, 23870300
13, 24136100
13, 24034100
13, 24863000
13, 36352000
13, 24013500
13, 24260900
13, 23864000
13, 23811400
13, 24769400
13, 23837500
13, 23958000
13, 24683400
13, 24069900
13, 23862200
13, 23842300
13, 23893300
13, 23877600
13, 23900500
13, 24880800
13, 23790800
13, 23865400
13, 23771400
13, 23872100
13, 23677300
13, 23839700
13, 23759600
13, 23718500
13, 23753800
13, 26769700
13, 23791200
13, 23730900
14, 23685200
14, 23736100
14, 23778300
14, 23694100
14, 24079800
14, 23710200
14, 25138300
14, 25108300
14, 24207000
14, 25162100
14, 24405100
14, 24308200
14, 25673900
14, 29508100
14, 24168300
14, 24013700
14, 24419600
14, 24826500
14, 23867700
14, 24027500
14, 23987200
14, 25990200
14, 24036600
14, 24100100
14, 23975600
14, 23941700
14, 23983500
14, 23954700
14, 31787500
14, 28095300
14, 23971300
14, 24011100
14, 23900800
14, 23856600
14, 24078300
14, 24375700
14, 24623100
14, 27119700
14, 25705800
14, 26180200
14, 23857800
14, 27806600
14, 23969100
14, 23944100
14, 23882600
14, 23936200
14, 24126900
14, 24118900
14, 24461200
14, 24114600
15, 24023600
15, 23815200
15, 26061500
15, 36331100
15, 39183100
15, 27203900
15, 23877500
15, 24268400
15, 23894100
15, 24285500
15, 25845000
15, 24087600
15, 23927100
15, 23914100
15, 23815200
15, 23878300
15, 23856000
15, 23964000
15, 27460000
15, 24040300
15, 23872400
15, 23906800
15, 23848200
15, 23908600
15, 23821800
15, 23883100
15, 24188500
15, 23891700
15, 25544400
15, 23881300
15, 23938700
15, 42616400
15, 28255900
15, 24208300
15, 23950000
15, 23865500
15, 24686800
15, 23855100
15, 23988400
15, 23871400
15, 23815500
15, 24009200
15, 25389600
15, 23730600
15, 23725500
15, 23954800
15, 23731400
15, 23671900
15, 23738600
15, 23710300
16, 24303900
16, 24321300
16, 24359800
16, 27952600
16, 23976900
16, 24171500
16, 24505100
16, 24038600
16, 26911100
16, 28198700
16, 23969500
16, 23927500
16, 24143300
16, 24009800
16, 24266000
16, 23987600
16, 23923500
16, 24678200
16, 24797500
16, 24151800
16, 23879600
16, 23949500
16, 24104900
16, 23963200
16, 23891800
16, 23976200
16, 24048800
16, 24252600
16, 27603500
16, 27141700
16, 24426900
16, 28836300
16, 27843100
16, 27998100
16, 23873700
16, 23826600
16, 23878300
16, 23878000
16, 23780500
16, 24345700
16, 23888700
16, 24612500
16, 23967600
16, 23822900
16, 23776300
16, 23853900
16, 24019600
16, 23852300
16, 23868600
16, 23878700
17, 24719800
17, 23876700
17, 24193500
17, 23923300
17, 24079600
17, 23878700
17, 27080500
17, 23914400
17, 23981100
17, 24865300
17, 23918700
17, 24404300
17, 24244200
17, 24767600
17, 24211400
17, 27443000
17, 23885500
17, 24131200
17, 23880700
17, 23921000
17, 23981600
17, 24403700
17, 23826300
17, 26155700
17, 27220300
17, 24021400
17, 24290200
17, 23853400
17, 24083100
17, 24049600
17, 23942400
17, 23875400
17, 27016600
17, 24074200
17, 23940900
17, 24037300
17, 23857400
17, 24000200
17, 23927500
17, 24216300
17, 24294200
17, 27988000
17, 24611700
17, 23787100
17, 25944100
17, 24370700
17, 23922300
17, 23852900
17, 24078200
17, 24644000
18, 24900500
18, 23848400
18, 24257700
18, 24648800
18, 23888700
18, 23877600
18, 23832800
18, 23892400
18, 24038500
18, 23909600
18, 23965400
18, 23811900
18, 23796000
18, 23982300
18, 27923800
18, 37364900
18, 34392100
18, 23920600
18, 23988800
18, 23826800
18, 23974900
18, 23901900
18, 25766000
18, 24542100
18, 23842100
18, 23922600
18, 23827700
18, 23872100
18, 23803500
18, 23949000
18, 27871400
18, 24139100
18, 27546300
18, 23957200
18, 24144300
18, 23775100
18, 24566800
18, 23747300
18, 23752300
18, 23906700
18, 23827200
18, 23861400
18, 24546800
18, 23891100
18, 24692300
18, 23817800
18, 23777900
18, 23721300
18, 23754600
18, 23763600
19, 23845600
19, 23800200
19, 23727300
19, 23656500
19, 25460400
19, 24311900
19, 26458800
19, 23910900
19, 23887900
19, 23887700
19, 23789900
19, 23779600
19, 23740400
19, 25226800
19, 24225600
19, 24721400
19, 23909700
19, 23866000
19, 24001600
19, 23897500
19, 23801900
19, 23897400
19, 24249100
19, 27725700
19, 23975700
19, 24103600
19, 24964300
19, 23869500
19, 24029200
19, 23872600
19, 25939300
19, 29835800
19, 24877800
19, 24044500
19, 23904300
19, 27730700
19, 25664000
19, 23804200
19, 24312100
19, 23984800
19, 23864200
19, 24913900
19, 24319100
19, 23860900
19, 26857900
19, 30507300
19, 24566000
19, 24055700
19, 23971600
19, 23954300
20, 23958800
20, 24210300
20, 23808600
20, 25743500
20, 24154300
20, 24042100
20, 23893800
20, 23917900
20, 23900200
20, 24130500
20, 28516300
20, 29550300
20, 24197400
20, 24221000
20, 24277200
20, 23985400
20, 24610700
20, 23859600
20, 23945900
20, 23908600
20, 23887600
20, 25075400
20, 25036200
20, 29024000
20, 23828100
20, 24656100
20, 29496400
20, 24990000
20, 23982100
20, 23958500
20, 23840200
20, 23879800
20, 23820900
20, 23916400
20, 23802700
20, 26115400
20, 23911800
20, 24474500
20, 24353800
20, 23954900
20, 23896100
20, 23964800
20, 23904100
20, 23817400
20, 25876300
20, 24211800
20, 24002200
20, 25267200
20, 23899800
20, 23863400
21, 23940700
21, 26614000
21, 23869700
21, 24055900
21, 23925600
21, 27838200
21, 24187600
21, 23988200
21, 24523300
21, 23821800
21, 24038200
21, 23847600
21, 25592200
21, 23930000
21, 27122900
21, 23864600
21, 24507800
21, 23920400
21, 24160900
21, 23824700
21, 27553700
21, 23811800
21, 23952800
21, 23890200
21, 23895700
21, 24482200
21, 29700900
21, 24832700
21, 24047400
21, 24616400
21, 24931200
21, 23890200
21, 23944200
21, 23891200
21, 25612300
21, 24243400
21, 24206900
21, 24061600
21, 32746100
21, 24076800
21, 23843900
21, 24855700
21, 23876300
21, 24167500
21, 23812400
21, 23901700
21, 23909200
21, 24294100
21, 24103500
21, 25284100
22, 26104900
22, 27402500
22, 24911600
22, 23976200
22, 28334500
22, 41228900
22, 25769500
22, 24124300
22, 23904000
22, 24624600
22, 24369100
22, 23900100
22, 23840700
22, 26702800
22, 23818900
22, 25020400
22, 23834600
22, 23976800
22, 23775000
22, 24187500
22, 23845000
22, 26573000
22, 23720700
22, 23804700
22, 24848400
22, 23998400
22, 24010800
22, 23823100
22, 24515500
22, 23772900
22, 24108100
22, 23874600
22, 24795300
22, 23942800
22, 23829900
22, 23840400
22, 32823300
22, 26453600
22, 24504400
22, 23882400
22, 25909500
22, 24080600
22, 29501600
22, 24001000
22, 26750900
22, 24064900
22, 23846800
22, 27670800
22, 23937800
22, 24253200
23, 24415200
23, 23817400
23, 31131900
23, 24136000
23, 25851700
23, 24771400
23, 35756600
23, 28833900
23, 24913400
23, 25737100
23, 24272000
23, 24252800
23, 25274100
23, 26715600
23, 32541900
23, 23885700
23, 23873500
23, 23870800
23, 23867300
23, 23881400
23, 23902500
23, 23878400
23, 23878500
23, 23844500
23, 23876800
23, 23783700
23, 23907300
23, 23852300
23, 23804700
23, 23818600
23, 24335600
23, 24845500
23, 23817900
23, 23872500
23, 23944900
23, 24114700
23, 24282900
23, 23810600
23, 23912300
23, 24083200
23, 24874300
23, 24421700
23, 23914100
23, 24228000
23, 23865900
23, 23934800
23, 32218100
23, 24144400
23, 24317400
23, 23902400
24, 23872700
24, 24777000
24, 23935400
24, 23876400
24, 23865200
24, 25915700
24, 24041300
24, 23919400
24, 28005400
24, 24018000
24, 24195500
24, 24200000
24, 23822400
24, 23886500
24, 23881400
24, 23991800
24, 27810900
24, 23885600
24, 23956600
24, 23835800
24, 23871400
24, 24909300
24, 25075400
24, 24852300
24, 23846500
24, 23844300
24, 23988100
24, 23926700
24, 23939500
24, 23876300
24, 24033500
24, 24191100
24, 23851400
24, 23869400
24, 24082100
24, 23961400
24, 24137900
24, 34830800
24, 25201700
24, 24085500
24, 27083600
24, 23896000
24, 24671700
24, 24484400
24, 23857500
24, 33192200
24, 32509300
24, 24693200
24, 27259600
24, 24682900
25, 23985800
25, 23959700
25, 27994900
25, 27128300
25, 24574900
25, 26593900
25, 26017900
25, 23799600
25, 23839400
25, 23803900
25, 23864900
25, 23986300
25, 23881100
25, 23844000
25, 24424800
25, 23877400
25, 23818300
25, 23858300
25, 23771400
25, 24013500
25, 24086200
25, 28482800
25, 31734800
25, 31056100
25, 23905500
25, 26407500
25, 25333100
25, 23879000
25, 23793500
25, 23896200
25, 23786900
25, 23836600
25, 23997400
25, 23839300
25, 24694100
25, 23995600
25, 23858000
25, 24013600
25, 23778500
25, 23776400
25, 23794000
25, 23775300
25, 23840700
25, 23931900
25, 23952600
25, 24156600
25, 23868800
25, 28745900
25, 23879900
25, 23758900
26, 23875400
26, 24268400
26, 25102100
26, 25442200
26, 24151800
26, 27830200
26, 23914600
26, 23811300
26, 27244800
26, 23946900
26, 24348400
26, 23816300
26, 23864000
26, 23868500
26, 25062800
26, 24456600
26, 28328900
26, 26800300
26, 23832500
26, 23797600
26, 23929900
26, 24019300
26, 24180200
26, 23996900
26, 24526700
26, 27598700
26, 30632300
26, 24897300
26, 24549600
26, 24115300
26, 23921700
26, 23892500
26, 23867400
26, 23934300
26, 27695200
26, 23804100
26, 24059400
26, 23888100
26, 23962800
26, 23846900
26, 26835100
26, 27582100
26, 25717300
26, 24440700
26, 24366100
26, 24300700
26, 23916200
26, 24290300
26, 23821800
26, 24152900
27, 24548500
27, 25193200
27, 26820500
27, 23887100
27, 24435700
27, 23877200
27, 26632500
27, 27273800
27, 23937900
27, 24228900
27, 23916200
27, 23890100
27, 23899100
27, 23946100
27, 27303300
27, 26738200
27, 24579500
27, 24694500
27, 27889700
27, 27784400
27, 27341600
27, 24269600
27, 23836300
27, 23771000
27, 26567900
27, 33204300
27, 23960900
27, 27257800
27, 23834400
27, 23841400
27, 23820300
27, 23822400
27, 24813300
27, 24178100
27, 24940500
27, 24395400
27, 24011900
27, 23838100
27, 23854300
27, 23878200
27, 24146600
27, 23790300
27, 23827400
27, 23844600
27, 23883400
27, 23792500
27, 25942400
27, 35772200
27, 27566100
27, 23669800
28, 23732100
28, 24482800
28, 23952900
28, 23820900
28, 24563900
28, 24159800
28, 23889400
28, 23888700
28, 24207100
28, 23803900
28, 25287200
28, 24785900
28, 23786200
28, 23927700
28, 23842100
28, 27428700
28, 23939400
28, 23937300
28, 23998000
28, 23950000
28, 23784900
28, 24224900
28, 24073700
28, 24737200
28, 23982800
28, 30727000
28, 41343900
28, 24322600
28, 23932700
28, 24046400
28, 24698500
28, 23952300
28, 23937300
28, 23869100
28, 23769500
28, 23813000
28, 25434300
28, 23851100
28, 23842300
28, 23922300
28, 23826300
28, 23952400
28, 23778700
28, 23777100
28, 23945600
28, 24609400
28, 24167300
28, 24466000
28, 24058600
28, 23871200
29, 23791000
29, 23995400
29, 24148500
29, 23857500
29, 24089500
29, 23893100
29, 23912600
29, 23838500
29, 28388400
29, 23852300
29, 23877500
29, 24005500
29, 27144900
29, 30158400
29, 23880900
29, 26166900
29, 28180700
29, 23987900
29, 25069700
29, 23980100
29, 24462900
29, 23884000
29, 23826400
29, 33271200
29, 24751900
29, 24302200
29, 24242700
29, 31734800
29, 23802600
29, 23864800
29, 23898500
29, 23862900
29, 23760700
29, 23779100
29, 23775300
29, 25623400
29, 24038200
29, 23956600
29, 24355400
29, 24191200
29, 23825500
29, 23685200
29, 23700700
29, 23918500
29, 23761000
29, 23808100
29, 23736800
29, 23636800
29, 23842600
29, 23693200
30, 23806900
30, 24695300
30, 23911300
30, 23978200
30, 23744600
30, 23756500
30, 23779600
30, 23929900
30, 23796400
30, 23865800
30, 23812800
30, 23858200
30, 24323600
30, 23784400
30, 23999700
30, 23937100
30, 23901200
30, 23854900
30, 29663900
30, 24927900
30, 24317100
30, 23817700
30, 23855500
30, 23962400
30, 23792400
30, 23904500
30, 25736700
30, 24343000
30, 24010800
30, 23954000
30, 24037200
30, 33976800
30, 24237300
30, 23744800
30, 23875700
30, 28138900
30, 23767900
30, 27020400
30, 23814300
30, 23950100
30, 26099000
30, 23776900
30, 23855700
30, 23845000
30, 25055800
30, 23854500
30, 24611300
30, 23923700
30, 24001800
30, 23810600
31, 23875600
31, 24392600
31, 24363200
31, 23800800
31, 23805200
31, 23781300
31, 24495500
31, 30432000
31, 27866700
31, 27096200
31, 24656100
31, 23822500
31, 23836100
31, 23938500
31, 23882400
31, 23755600
31, 23781600
31, 24490900
31, 23988600
31, 25226400
31, 23994200
31, 23947200
31, 23861600
31, 23811300
31, 23877100
31, 26606400
31, 24212500
31, 30761000
31, 26690600
31, 24127400
31, 23849400
31, 24300200
31, 24807700
31, 23825800
31, 24946300
31, 23938100
31, 23896100
31, 24070100
31, 23872100
31, 23881900
31, 23865300
31, 23822200
31, 24096600
31, 24459800
31, 24171400
31, 23892200
31, 24129100
31, 24552000
31, 23859300
31, 31884200
32, 25512900
32, 24054700
32, 23974200
32, 23912000
32, 24683100
32, 23776800
32, 24361400
32, 25757900
32, 24425800
32, 23912400
32, 24233600
32, 23935200
32, 23883900
32, 23866500
32, 25242400
32, 23873200
32, 28014900
32, 23828700
32, 24225300
32, 24291300
32, 23910700
32, 23768400
32, 29015600
32, 23981000
32, 27321000
32, 24787900
32, 23926900
32, 23932500
32, 27487300
32, 23921300
32, 25221500
32, 28881300
32, 26702800
32, 24151900
32, 24524100
32, 25267300
32, 24610500
32, 24854900
32, 24106700
32, 31064200
32, 27062800
32, 25380700
32, 24037500
32, 24287700
32, 23909200
32, 24587500
32, 23817700
32, 25782600
32, 24463200
32, 23874600
33, 23893800
33, 23917400
33, 27908100
33, 23981000
33, 24510500
33, 24378300
33, 23835400
33, 29080800
33, 23818700
33, 26050800
33, 23857300
33, 23868400
33, 23873500
33, 23916700
33, 23771000
33, 24825300
33, 23840300
33, 23913600
33, 24318000
33, 24181300
33, 23996400
33, 24201900
33, 23962500
33, 24055000
33, 23960500
33, 24415100
33, 23915600
33, 23831300
33, 23869200
33, 27270200
33, 24604500
33, 23776500
33, 23872500
33, 23867000
33, 23931100
33, 23858100
33, 24486500
33, 23836600
33, 28932000
33, 27325400
33, 23897900
33, 23859900
33, 27269200
33, 24566000
33, 23803200
33, 24196700
33, 24263600
33, 24793900
33, 23971600
33, 23892000
34, 24021400
34, 23771600
34, 23685500
34, 25974600
34, 23777900
34, 24526100
34, 24679900
34, 23804200
34, 23733100
34, 24869500
34, 24248100
34, 23759700
34, 23708900
34, 23998200
34, 23691100
34, 23789700
34, 23812600
34, 24304600
34, 25820300
34, 23947900
34, 28880000
34, 28476500
34, 26617200
34, 24176800
34, 27934600
34, 23895000
34, 23904900
34, 23934400
34, 26316500
34, 24467200
34, 24356100
34, 23869200
34, 23802600
34, 23746900
34, 24049100
34, 23842500
34, 23739300
34, 24252600
34, 23973000
34, 24436600
34, 24963500
34, 32308200
34, 24425300
34, 23721600
34, 28103600
34, 24027200
34, 25295700
34, 23763700
34, 29832100
34, 39106200
35, 25201400
35, 26982400
35, 23907600
35, 24119400
35, 23793700
35, 23750700
35, 23852600
35, 24957500
35, 23887900
35, 24864400
35, 23818000
35, 23803400
35, 24231900
35, 23886900
35, 26728500
35, 23757100
35, 23890700
35, 23833300
35, 24480200
35, 24976900
35, 23960800
35, 27023300
35, 25015800
35, 23676200
35, 24303900
35, 23889700
35, 23846400
35, 23790900
35, 24359900
35, 24366200
35, 24154900
35, 27813800
35, 23705000
35, 23899600
35, 27795500
35, 23881800
35, 24719300
35, 23970900
35, 23857200
35, 24116800
35, 24459900
35, 24307300
35, 23817200
35, 23790400
35, 23948600
35, 23774000
35, 23768400
35, 30042700
35, 23762300
35, 25235500
36, 32534600
36, 32603900
36, 24808400
36, 23949700
36, 23768400
36, 23754600
36, 23815600
36, 23827700
36, 24289400
36, 24113800
36, 23809800
36, 24260900
36, 23788200
36, 23793100
36, 26964900
36, 24084400
36, 24279100
36, 24350000
36, 23776500
36, 24442700
36, 23899200
36, 24094200
36, 23840400
36, 23723700
36, 23801300
36, 23808300
36, 24753800
36, 23739400
36, 23832200
36, 24298700
36, 23886500
36, 23865300
36, 23708200
36, 23958000
36, 23929600
36, 23805000
36, 23760300
36, 23990800
36, 23842200
36, 23704400
36, 24326600
36, 27640400
36, 23826400
36, 23779500
36, 23774900
36, 24237000
36, 23765400
36, 23830100
36, 23747300
36, 25727900
37, 24207200
37, 23946600
37, 25006400
37, 23794000
37, 24276900
37, 23749400
37, 23778800
37, 24019500
37, 23875100
37, 23812200
37, 29283200
37, 25046700
37, 23799000
37, 26926800
37, 23718600
37, 23780600
37, 28088800
37, 24958300
37, 23834700
37, 23784000
37, 23818000
37, 24804700
37, 27821200
37, 24503900
37, 23735400
37, 24049300
37, 23779900
37, 23677500
37, 23786000
37, 32188900
37, 39098000
37, 36408100
37, 27003600
37, 24077000
37, 24134000
37, 24478000
37, 30442200
37, 27127200
37, 24490800
37, 23862100
37, 24020700
37, 23919100
37, 23832500
37, 23770100
37, 23860600
37, 23846500
37, 23953700
37, 23933600
37, 24733400
37, 23745100
38, 26711000
38, 25685300
38, 29748800
38, 25835500
38, 23966700
38, 23784200
38, 24975200
38, 23827600
38, 23808000
38, 23826200
38, 23827400
38, 29420000
38, 23887600
38, 29568800
38, 24445700
38, 23753300
38, 23708400
38, 24447400
38, 30166300
38, 30222100
38, 33498800
38, 24637000
38, 24296100
38, 23856900
38, 23782900
38, 23785600
38, 24034600
38, 23888000
38, 25219300
38, 23950500
38, 23803800
38, 23758300
38, 23841000
38, 24372600
38, 24531400
38, 23781600
38, 23775900
38, 31700700
38, 24473600
38, 24223500
38, 24288000
38, 23740700
38, 24458700
38, 25783900
38, 23780900
38, 27176000
38, 24644700
38, 23838000
38, 23790700
38, 23875600
39, 23830400
39, 24819100
39, 23838600
39, 27501200
39, 24029700
39, 23933400
39, 23746200
39, 23940300
39, 23778300
39, 24265900
39, 29503300
39, 27536200
39, 24348500
39, 24273200
39, 23804500
39, 23804100
39, 24074700
39, 23732000
39, 23951300
39, 25755700
39, 23931000
39, 23842600
39, 23928100
39, 31169500
39, 25734000
39, 24662300
39, 24325900
39, 23878000
39, 23913600
39, 23727200
39, 23769600
39, 23870000
39, 23732500
39, 24273400
39, 25356900
39, 23702300
39, 24802300
39, 23833300
39, 24222700
39, 24091900
39, 23695700
39, 23830500
39, 23734000
39, 23934100
39, 23839100
39, 25132900
39, 23776700
39, 23777700
39, 23806500
39, 26535100
40, 23748100
40, 31516300
40, 31280600
40, 24391400
40, 27444100
40, 29344900
40, 23952400
40, 23772300
40, 24285100
40, 30552400
40, 24601500
40, 23878200
40, 24202200
40, 27020600
40, 28752900
40, 24328300
40, 23996100
40, 24451100
40, 23840800
40, 23747300
40, 27198100
40, 23830500
40, 23731500
40, 25465000
40, 29032200
40, 23989300
40, 33118100
40, 23890200
40, 23799000
40, 24022700
40, 26836400
40, 24689100
40, 23901700
40, 26832500
40, 23916000
40, 23801400
40, 23765200
40, 24139100
40, 23756400
40, 23849600
40, 31542100
40, 26475600
40, 23812300
40, 23984000
40, 24396700
40, 23863700
40, 23688500
40, 23924400
40, 25601200
40, 24940400
41, 23830600
41, 23705700
41, 23914800
41, 23773400
41, 23837800
41, 23799600
41, 24469400
41, 23799700
41, 23950300
41, 23910800
41, 24006100
41, 23770300
41, 24376600
41, 23660300
41, 25734200
41, 28395400
41, 24728000
41, 23816300
41, 23849800
41, 24703700
41, 41500000
41, 28763500
41, 23821600
41, 23837300
41, 23906000
41, 24081300
41, 23811700
41, 23731500
41, 23759600
41, 23709400
41, 25229500
41, 24763300
41, 25408700
41, 23843000
41, 23825200
41, 23775200
41, 23892700
41, 23771700
41, 24519200
41, 23834100
41, 23847500
41, 24417400
41, 23797400
41, 23827100
41, 23751400
41, 23918100
41, 23806000
41, 24219400
41, 23874800
41, 24161100
42, 24205800
42, 23713900
42, 23763500
42, 23713800
42, 23646200
42, 24358200
42, 23740100
42, 25295400
42, 27351000
42, 23934300
42, 23808800
42, 26950500
42, 24634200
42, 24422400
42, 23899400
42, 23925300
42, 24308400
42, 29401800
42, 29767400
42, 28230800
42, 24187900
42, 31959900
42, 24598600
42, 24136300
42, 24005100
42, 24696600
42, 23815600
42, 28180300
42, 23993800
42, 27478500
42, 24424500
42, 23838600
42, 23874400
42, 23783600
42, 23751800
42, 26390500
42, 23858300
42, 23766200
42, 24873000
42, 23856500
42, 23804100
42, 23983300
42, 23740200
42, 24052600
42, 23863700
42, 26877900
42, 26135000
42, 25467400
42, 24154700
42, 23778900
43, 23860300
43, 23911500
43, 23943800
43, 24000700
43, 23840200
43, 24098200
43, 23814400
43, 23891600
43, 23898000
43, 25225500
43, 23876100
43, 29365700
43, 30402400
43, 24057600
43, 23986000
43, 24121000
43, 24051400
43, 25076500
43, 33272000
43, 25268300
43, 24072500
43, 23891000
43, 23810000
43, 23844100
43, 24004700
43, 23765000
43, 23828500
43, 23791100
43, 25012900
43, 24483700
43, 23902200
43, 23825700
43, 23888800
43, 23731300
43, 23741400
43, 23745700
43, 29949200
43, 24739100
43, 27999800
43, 24459500
43, 23911600
43, 23979600
43, 23787200
43, 27959000
43, 24529600
43, 27105500
43, 23832200
43, 23774300
43, 24263900
43, 23747000
44, 23824800
44, 30421100
44, 24030800
44, 23852000
44, 23764000
44, 23867800
44, 23765800
44, 23684100
44, 23766900
44, 25296200
44, 25777000
44, 23837800
44, 30388100
44, 23774000
44, 23855200
44, 23773900
44, 23741800
44, 23810500
44, 23743300
44, 24535200
44, 24680900
44, 25085500
44, 26745200
44, 27323200
44, 23833700
44, 23926600
44, 23801100
44, 24838500
44, 25214300
44, 38148700
44, 38088000
44, 34918600
44, 23961700
44, 23917300
44, 25342400
44, 23911400
44, 23977200
44, 23852300
44, 23770800
44, 23733300
44, 25126100
44, 23834800
44, 23783400
44, 23740400
44, 23758800
44, 23842400
44, 24155800
44, 23823300
44, 28168200
44, 24561000
45, 25152400
45, 24196000
45, 23779900
45, 26869800
45, 26619800
45, 26921300
45, 23946500
45, 23864000
45, 24144900
45, 23780700
45, 25015700
45, 23765900
45, 23847100
45, 23796000
45, 23759700
45, 26603300
45, 23754500
45, 25068300
45, 26969100
45, 23794200
45, 23753100
45, 25282600
45, 23777900
45, 23826600
45, 24460200
45, 24213600
45, 23829200
45, 23801900
45, 23780100
45, 23755200
45, 24148900
45, 31349300
45, 23885800
45, 30076300
45, 23828200
45, 23746600
45, 23740000
45, 23739800
45, 24706900
45, 25873100
45, 24037100
45, 23836200
45, 25122700
45, 23816700
45, 23722100
45, 23776200
45, 24157900
45, 23724700
45, 23795900
45, 23788400
46, 23815200
46, 24738400
46, 24035100
46, 23888900
46, 23726200
46, 23800200
46, 29680900
46, 24699000
46, 24222800
46, 23824100
46, 23780500
46, 23799500
46, 23954300
46, 24681200
46, 23800600
46, 23896500
46, 23898500
46, 23901400
46, 23792000
46, 23718000
46, 23915400
46, 24285100
46, 35103000
46, 35491100
46, 26057900
46, 24169700
46, 23798400
46, 23838900
46, 23918900
46, 23858700
46, 25846900
46, 24022900
46, 23852300
46, 25098400
46, 23833000
46, 23814500
46, 23809500
46, 23907600
46, 23846000
46, 23802200
46, 23763500
46, 23805000
46, 24761400
46, 24093000
46, 24299500
46, 23767700
46, 28736800
46, 26978600
46, 23814500
46, 23808200
47, 24520100
47, 23805200
47, 23756700
47, 23915400
47, 24512100
47, 23963200
47, 24380100
47, 23759300
47, 24231600
47, 23759200
47, 23773900
47, 23727100
47, 30797700
47, 25522400
47, 23838000
47, 23682600
47, 23813700
47, 23878000
47, 23783400
47, 23794700
47, 26037500
47, 24050600
47, 27898500
47, 23894200
47, 23897800
47, 28528400
47, 25369000
47, 23917100
47, 23854300
47, 23967700
47, 23827100
47, 23823200
47, 23785000
47, 24856500
47, 23753900
47, 24263400
47, 23789800
47, 25998900
47, 27597000
47, 23740400
47, 23763300
47, 23796400
47, 36099400
47, 33833400
47, 30125600
47, 25817800
47, 24076800
47, 26090500
47, 24067400
47, 23899300
48, 23788900
48, 24383400
48, 23738600
48, 23813700
48, 23714200
48, 23734200
48, 23698000
48, 23718000
48, 23707700
48, 23724400
48, 24288300
48, 24708800
48, 23940600
48, 23858600
48, 23886800
48, 23926400
48, 29805300
48, 23742400
48, 23832200
48, 24225300
48, 30094200
48, 23822200
48, 23997400
48, 23795200
48, 24099000
48, 23794400
48, 24518300
48, 29735400
48, 26611900
48, 23820500
48, 23771600
48, 27854700
48, 27806800
48, 23752500
48, 23803200
48, 23976200
48, 25328800
48, 23842000
48, 23940200
48, 25528800
48, 27801800
48, 23704600
48, 36612200
48, 26426700
48, 27388100
48, 23751300
48, 23641300
48, 23677600
48, 24115600
48, 23768900
49, 24253900
49, 23806900
49, 24002000
49, 23740500
49, 24597600
49, 23732100
49, 24915400
49, 23808800
49, 23848500
49, 23728800
49, 23730500
49, 24762800
49, 24769700
49, 23831400
49, 24543400
49, 23845600
49, 24031400
49, 23814400
49, 24839800
49, 23799200
49, 24282200
49, 23789200
49, 24320000
49, 23840300
49, 23910000
49, 23961700
49, 24653200
49, 23806900
49, 47034800
49, 39081900
49, 35880800
49, 40556300
49, 25356500
49, 25301100
49, 24165600
49, 24232200
49, 24315500
49, 27899500
49, 28159900
49, 23972900
49, 23826000
49, 24253400
49, 23804500
49, 24374800
49, 26436300
49, 24258100
49, 24520500
49, 23935800
49, 23867700
49, 23827000
50, 24060500
50, 23991200
50, 26052800
50, 23844400
50, 23759900
50, 24015600
50, 23878300
50, 23785400
50, 23840300
50, 23784100
50, 23964100
50, 23784400
50, 23831100
50, 23862700
50, 23834100
50, 23905800
50, 24211200
50, 23765100
50, 23786200
50, 23950800
50, 23857600
50, 27300700
50, 23835900
50, 23873900
50, 23852100
50, 23921400
50, 23776600
50, 23799500
50, 23748500
50, 24518400
50, 24826700
50, 23991700
50, 29558200
50, 24242500
50, 23789500
50, 24023700
50, 23895500
50, 23748500
50, 23888600
50, 24327600
50, 23792200
50, 25181000
50, 25796800
50, 25670200
50, 24038800
50, 24373500
50, 23836000
50, 24918400
50, 29861400
50, 23838900
51, 23822000
51, 24058500
51, 23877800
51, 24180900
51, 23871000
51, 25216300
51, 32654700
51, 23797300
51, 23838200
51, 23713200
51, 24751400
51, 29260200
51, 24079100
51, 24595500
51, 23975000
51, 25093000
51, 23865700
51, 24247600
51, 23687100
51, 24926700
51, 24121800
51, 24376600
51, 24919600
51, 24264700
51, 23889000
51, 24003500
51, 23857100
51, 23899100
51, 24517300
51, 23808700
51, 23773900
51, 23738700
51, 23800800
51, 23774100
51, 23846900
51, 23736400
51, 24753900
51, 23897400
51, 24076800
51, 23715000
51, 23767500
51, 23848700
51, 23835000
51, 28414700
51, 24128500
51, 24325800
51, 23892700
51, 23878800
51, 24395200
51, 23887500
52, 23755100
52, 23894900
52, 24350900
52, 34844200
52, 23873500
52, 23772400
52, 23835700
52, 23771600
52, 23716000
52, 23904200
52, 23761200
52, 23871600
52, 25711600
52, 24566300
52, 23994200
52, 24159000
52, 23733400
52, 24559700
52, 23744800
52, 23770900
52, 23877600
52, 26157500
52, 29122700
52, 28013800
52, 23827300
52, 24316400
52, 23778000
52, 27503600
52, 25376900
52, 24832100
52, 34900100
52, 23790700
52, 28103900
52, 23971700
52, 23881100
52, 24166700
52, 23772300
52, 23851500
52, 23740400
52, 23790200
52, 23708100
52, 23750300
52, 24962100
52, 23857000
52, 23981800
52, 23891200
52, 23697900
52, 23739400
52, 23831700
52, 23778600
53, 24043900
53, 24265700
53, 24969800
53, 23805900
53, 24057500
53, 23931600
53, 23823000
53, 23777500
53, 23865000
53, 23963300
53, 23784700
53, 23788500
53, 23777300
53, 23835100
53, 24566500
53, 24870600
53, 23980900
53, 23879900
53, 23840500
53, 24995900
53, 23737400
53, 30290300
53, 26047200
53, 23932800
53, 23759500
53, 27848800
53, 23847900
53, 24681200
53, 23804300
53, 25218400
53, 27899100
53, 23816500
53, 23747700
53, 29411900
53, 25164500
53, 25216700
53, 26853900
53, 24077700
53, 23822600
53, 24125800
53, 23724100
53, 25845400
53, 23995700
53, 23889400
53, 23779100
53, 23864600
53, 23916400
53, 27165300
53, 23800100
53, 26453300
54, 23880300
54, 23808000
54, 24288100
54, 23847500
54, 23958700
54, 23949600
54, 24466400
54, 23830600
54, 23847200
54, 23812200
54, 25431400
54, 27186100
54, 31021300
54, 35340700
54, 34214700
54, 24230600
54, 23810500
54, 24167100
54, 24695800
54, 23854200
54, 23985700
54, 23735100
54, 24722700
54, 25900600
54, 25934300
54, 23967800
54, 25651900
54, 23916200
54, 23805300
54, 23751300
54, 23757400
54, 24790600
54, 25036500
54, 23928400
54, 23752100
54, 23746300
54, 23847400
54, 23882400
54, 23819200
54, 23785000
54, 26200400
54, 23912800
54, 23777400
54, 23820000
54, 23852700
54, 23801500
54, 23859900
54, 26579000
54, 23830300
54, 25050600
55, 24179000
55, 24856500
55, 29935000
55, 24338600
55, 24021100
55, 27871700
55, 23838400
55, 24035700
55, 24331800
55, 24319400
55, 24493000
55, 26447500
55, 28509600
55, 30898300
55, 23922200
55, 24041200
55, 23836100
55, 24650800
55, 23758300
55, 23897100
55, 23820000
55, 24119800
55, 23930000
55, 23820100
55, 23882700
55, 23793200
55, 23883000
55, 23747100
55, 23826000
55, 23913600
55, 23801400
55, 24554000
55, 24047100
55, 23766100
55, 23795100
55, 23765600
55, 23841800
55, 23738900
55, 24557800
55, 24153900
55, 28017700
55, 23897200
55, 24312700
55, 23843500
55, 23806400
55, 23899200
55, 23855100
55, 30299600
55, 23980900
55, 29080500
56, 24212000
56, 24115600
56, 24008300
56, 24064200
56, 27636000
56, 23849400
56, 23830900
56, 23891200
56, 23923200
56, 24425200
56, 23781000
56, 23928700
56, 25821200
56, 24015300
56, 24314200
56, 23874400
56, 23751200
56, 23772400
56, 23784700
56, 23818200
56, 23863700
56, 24973900
56, 23830300
56, 23987000
56, 24079500
56, 24056000
56, 23780900
56, 24068900
56, 23825700
56, 23905200
56, 24395900
56, 24789800
56, 23826200
56, 24419100
56, 30168900
56, 23749200
56, 23798600
56, 28229800
56, 26912300
56, 24329900
56, 27250000
56, 23737100
56, 24463000
56, 24098600
56, 24004700
56, 29817200
56, 23945900
56, 23732600
56, 27200500
56, 23869800
57, 24417300
57, 24102600
57, 23793200
57, 25816700
57, 23970700
57, 23817600
57, 30862700
57, 23991800
57, 23815700
57, 23778500
57, 23846800
57, 26565000
57, 29732700
57, 24137500
57, 23897600
57, 25118800
57, 25296800
57, 25552100
57, 24001700
57, 24044600
57, 23939700
57, 25372200
57, 23731100
57, 23847300
57, 24478300
57, 27240200
57, 23840300
57, 24016400
57, 23785600
57, 23958400
57, 23762000
57, 23801100
57, 26035000
57, 27656900
57, 32497200
57, 35935500
57, 24121800
57, 25559700
57, 23937900
57, 25204900
57, 27412200
57, 24102300
57, 23730400
57, 24399800
57, 24213100
57, 23800600
57, 23791700
57, 23891100
57, 23729200
57, 23782200
58, 24214400
58, 24150500
58, 26768100
58, 24129200
58, 27827700
58, 24290300
58, 25276000
58, 32405900
58, 23917800
58, 23980100
58, 23898100
58, 23891800
58, 24181600
58, 24349600
58, 23889300
58, 23757400
58, 23750700
58, 23810200
58, 24062300
58, 23801000
58, 27030900
58, 23754600
58, 24594300
58, 23785700
58, 24556400
58, 27375900
58, 23957300
58, 24392900
58, 23933400
58, 23755900
58, 24104200
58, 24408500
58, 23828300
58, 26767400
58, 23828300
58, 23864600
58, 23841900
58, 23798500
58, 23758200
58, 24224500
58, 23797700
58, 27317200
58, 23785200
58, 23926100
58, 23858800
58, 23823800
58, 23794000
58, 23791500
58, 23794000
58, 23772300
59, 24855300
59, 24602500
59, 23852800
59, 24114400
59, 24017200
59, 24607000
59, 35604200
59, 23771400
59, 23816400
59, 24075200
59, 23918700
59, 23713200
59, 27878000
59, 23819500
59, 24038100
59, 31549900
59, 23836700
59, 23994800
59, 25036400
59, 24091900
59, 23832200
59, 23811500
59, 26434900
59, 26323800
59, 28471500
59, 23835900
59, 24121800
59, 23731100
59, 23732000
59, 28149000
59, 23898700
59, 23687600
59, 23952100
59, 27618100
59, 23832100
59, 23867200
59, 24383100
59, 23898200
59, 23861500
59, 23833800
59, 27087400
59, 24856400
59, 23836500
59, 23854000
59, 24373900
59, 24265300
59, 23728200
59, 24462700
59, 23734800
59, 26848800
60, 23930300
60, 23994700
60, 23751100
60, 27521600
60, 23758200
60, 29414100
60, 33576000
60, 27261400
60, 25007300
60, 23921100
60, 23734100
60, 23854500
60, 23893300
60, 23818100
60, 24253900
60, 24385000
60, 23847400
60, 23961400
60, 27121400
60, 25770400
60, 27121500
60, 23866000
60, 24341100
60, 23941700
60, 23784200
60, 23934700
60, 24004800
60, 23704800
60, 23770300
60, 23760000
60, 23802200
60, 25488000
60, 23802900
60, 23724500
60, 23920200
60, 32599500
60, 38994800
60, 38390800
60, 24172700
60, 23755700
60, 23881400
60, 24058500
60, 23741000
60, 23750900
60, 24310800
60, 24259600
60, 23775400
60, 25228000
60, 23751800
60, 23939600
61, 23886800
61, 24374400
61, 24159700
61, 24273100
61, 24357900
61, 23956200
61, 23881700
61, 23779900
61, 24315600
61, 23785600
61, 23837500
61, 23830700
61, 23922800
61, 23896300
61, 23922600
61, 23772400
61, 23975400
61, 23770200
61, 23952300
61, 23757800
61, 23799800
61, 28356600
61, 26756500
61, 24185400
61, 24023400
61, 25166400
61, 30160700
61, 24320000
61, 24515700
61, 25421600
61, 23897700
61, 27129900
61, 23922600
61, 23843500
61, 26389900
61, 25441500
61, 27062600
61, 24619800
61, 23995700
61, 23932700
61, 23779600
61, 23863200
61, 23901300
61, 24220800
61, 23817100
61, 23948500
61, 23798500
61, 23767200
61, 23870300
61, 23907700
62, 23661800
62, 23731000
62, 23828400
62, 23725800
62, 23720800
62, 23662100
62, 23801500
62, 23736400
62, 23791300
62, 23802100
62, 24524300
62, 24502400
62, 24798400
62, 23747700
62, 23779700
62, 23739000
62, 24853200
62, 32050800
62, 24385900
62, 23935600
62, 24748000
62, 23752200
62, 23779500
62, 24285400
62, 24479400
62, 24015500
62, 32387700
62, 23928200
62, 23943900
62, 24048600
62, 23910200
62, 23791100
62, 23757400
62, 25191900
62, 26065500
62, 24287700
62, 27763700
62, 24067400
62, 24528700
62, 23883900
62, 23773600
62, 26688000
62, 25805300
62, 23896500
62, 27296500
62, 25089700
62, 24588100
62, 24215600
62, 23803200
62, 23975500
63, 23777200
63, 25893700
63, 25277100
63, 23938900
63, 23852100
63, 23802500
63, 23818700
63, 23746200
63, 31635100
63, 28617600
63, 24316500
63, 26292700
63, 23935700
63, 23848400
63, 23937100
63, 24561800
63, 25921300
63, 23848100
63, 24252000
63, 23745600
63, 24707400
63, 23887800
63, 23889900
63, 23873600
63, 23922000
63, 24816300
63, 24939900
63, 23888600
63, 30784900
63, 24684700
63, 24458800
63, 23769200
63, 23870600
63, 23843900
63, 24293400
63, 23794000
63, 23853700
63, 23785400
63, 25304600
63, 25422100
63, 25556700
63, 23824500
63, 24081400
63, 24925400
63, 23801400
63, 23814700
63, 23776300
63, 24150900
63, 23770300
63, 23981800
64, 23962200
64, 24480500
64, 24461900
64, 23853300
64, 23771300
64, 23945500
64, 23999600
64, 30100300
64, 31119100
64, 24701500
64, 24274000
64, 24442100
64, 24625400
64, 24946100
64, 32104600
64, 25380600
64, 24000600
64, 23793300
64, 23736300
64, 23834300
64, 23765000
64, 23940500
64, 23760200
64, 23822100
64, 24523300
64, 23787500
64, 23842300
64, 24097800
64, 24010000
64, 23865600
64, 23796000
64, 23810800
64, 23923100
64, 24975700
64, 24252200
64, 23769700
64, 24065400
64, 23859500
64, 23784700
64, 23731900
64, 31106800
64, 23990100
64, 23889900
64, 27529300
64, 24045900
64, 23865900
64, 24055200
64, 29470500
64, 26422200
64, 23826100
65, 23754700
65, 23836200
65, 23884900
65, 23906100
65, 27765100
65, 25919900
65, 24074100
65, 24511700
65, 23769300
65, 28592600
65, 23798200
65, 26457000
65, 24460500
65, 25004200
65, 23878100
65, 24006000
65, 23841400
65, 23769500
65, 23856000
65, 23774600
65, 23971900
65, 24475600
65, 23762800
65, 23813100
65, 24999700
65, 23870700
65, 23907200
65, 23883100
65, 23738100
65, 23809300
65, 23763400
65, 23877600
65, 24075100
65, 23796600
65, 24144200
65, 28440700
65, 23819600
65, 23861400
65, 30581100
65, 24626200
65, 26918300
65, 23792000
65, 29059200
65, 23691100
65, 24253400
65, 23777300
65, 26214600
65, 27683500
65, 23933800
65, 23947200
66, 23863700
66, 23739600
66, 24393900
66, 31834900
66, 28601200
66, 24528900
66, 26178300
66, 23855600
66, 24204300
66, 23813800
66, 24956000
66, 24009000
66, 23871800
66, 23904000
66, 25000000
66, 23876500
66, 23753600
66, 23839600
66, 23868700
66, 23790200
66, 23743200
66, 29879200
66, 24024500
66, 23837700
66, 27004300
66, 24364400
66, 24489500
66, 23850600
66, 31231400
66, 23906100
66, 24114800
66, 24498400
66, 23914800
66, 24129300
66, 23791500
66, 24058700
66, 25622300
66, 24128300
66, 23807700
66, 23905000
66, 23782900
66, 23928900
66, 23793300
66, 23713100
66, 24534900
66, 28154200
66, 24834600
66, 28205600
66, 23865400
66, 23766200
67, 23859400
67, 23815800
67, 23895500
67, 23766100
67, 24718400
67, 23838000
67, 24183900
67, 23809800
67, 37939800
67, 32139000
67, 24024800
67, 23826800
67, 23804700
67, 24038500
67, 23747000
67, 23970400
67, 24455500
67, 25453200
67, 25347100
67, 25438100
67, 23783200
67, 23785100
67, 24203500
67, 23809200
67, 24552900
67, 23877100
67, 24742100
67, 23974100
67, 27616900
67, 23829200
67, 24711400
67, 23806600
67, 24457700
67, 24281700
67, 23784300
67, 24833800
67, 24579700
67, 27733500
67, 23884600
67, 24061000
67, 23749800
67, 23811000
67, 23834800
67, 23896600
67, 23825600
67, 24177600
67, 23724300
67, 23967300
67, 23839900
67, 23988700
68, 23738300
68, 23822200
68, 23825300
68, 26221000
68, 23794000
68, 26502900
68, 23826800
68, 24549200
68, 25439100
68, 25892100
68, 25442400
68, 23828000
68, 23840600
68, 23725700
68, 23801500
68, 23908400
68, 23791300
68, 24357300
68, 26297900
68, 23764500
68, 23753200
68, 24578400
68, 23812700
68, 23985500
68, 23828000
68, 24225100
68, 23806200
68, 24376700
68, 23981600
68, 24317200
68, 23809100
68, 24381600
68, 23883500
68, 24222900
68, 23756500
68, 23745400
68, 23805200
68, 23837300
68, 23800800
68, 23991400
68, 23813200
68, 23900200
68, 23965700
68, 23950900
68, 23884100
68, 23855800
68, 24169000
68, 23761800
68, 23794500
68, 23809200
69, 24999600
69, 23845000
69, 23970700
69, 23849800
69, 23838100
69, 23813400
69, 23884600
69, 23811500
69, 23882900
69, 25374400
69, 23992900
69, 23811600
69, 23978600
69, 23838000
69, 23799600
69, 23887900
69, 23783400
69, 23850800
69, 23835700
69, 24040300
69, 25893400
69, 24225700
69, 23787900
69, 23789600
69, 23794100
69, 23867500
69, 23858900
69, 23884700
69, 23905000
69, 23891300
69, 23799500
69, 24679800
69, 23886300
69, 23792700
69, 23745300
69, 26496500
69, 25868400
69, 23729300
69, 27380300
69, 23678000
69, 24195900
69, 23954500
69, 31844000
69, 24505000
69, 24075200
69, 23812900
69, 25059000
69, 23863300
69, 24164300
69, 24214500
70, 25852600
70, 24014700
70, 23963500
70, 30389400
70, 23925100
70, 23836900
70, 23797300
70, 23804100
70, 28278100
70, 23812700
70, 23793300
70, 24319400
70, 24103800
70, 29582400
70, 25630700
70, 25510400
70, 24112900
70, 24891700
70, 23801700
70, 23780500
70, 24313700
70, 23788500
70, 23909600
70, 23888400
70, 23829800
70, 23751100
70, 30393700
70, 23842900
70, 23889000
70, 23728300
70, 23687900
70, 25674700
70, 36992900
70, 25701100
70, 23828700
70, 23924400
70, 23778800
70, 23824100
70, 23735800
70, 24420800
70, 26681500
70, 23938800
70, 23900500
70, 23742400
70, 23765300
70, 23752000
70, 23831400
70, 23802400
70, 23767000
70, 24349900
71, 23771600
71, 23778700
71, 23874400
71, 24233100
71, 25108500
71, 23786700
71, 23925900
71, 23756600
71, 25299900
71, 23852100
71, 23897700
71, 23801300
71, 24007800
71, 23780700
71, 23813200
71, 23794100
71, 27024300
71, 27968500
71, 23858800
71, 23759500
71, 28199500
71, 23778900
71, 29364900
71, 24697600
71, 24001600
71, 24329100
71, 25096800
71, 23846200
71, 24021600
71, 23896100
71, 24319100
71, 23835800
71, 23855600
71, 23736800
71, 23864100
71, 23721200
71, 23799500
71, 23733100
71, 23750300
71, 23762600
71, 23744100
71, 23783300
71, 23800100
71, 27062600
71, 23951500
71, 24143500
71, 24823500
71, 23781500
71, 23876900
71, 24656800
72, 23819400
72, 23767700
72, 24060000
72, 23843600
72, 23792100
72, 23930600
72, 23797800
72, 28999000
72, 29057100
72, 23786700
72, 23752100
72, 23859900
72, 23724300
72, 25379800
72, 23852100
72, 23775700
72, 23765900
72, 25224100
72, 23739900
72, 23917800
72, 23770700
72, 25892200
72, 24124300
72, 23981400
72, 23760700
72, 23831800
72, 23960200
72, 23714100
72, 23889200
72, 23768800
72, 23801200
72, 23820000
72, 23801600
72, 23760800
72, 27624700
72, 23781300
72, 27528900
72, 24342700
72, 24106500
72, 23784100
72, 28670200
72, 24742200
72, 23892200
72, 23812800
72, 24396000
72, 23903700
72, 24266100
72, 23792700
72, 32675600
72, 26593300
73, 24485600
73, 23849900
73, 23882700
73, 24515800
73, 29146900
73, 24091000
73, 24717900
73, 24143000
73, 28540400
73, 24448500
73, 24583900
73, 25991300
73, 26787700
73, 25008000
73, 24722000
73, 24731300
73, 32655300
73, 24588000
73, 24059900
73, 23849800
73, 24100000
73, 23849500
73, 23781800
73, 23881600
73, 23919100
73, 23917600
73, 23806000
73, 24028900
73, 23831300
73, 24420400
73, 24726600
73, 24499800
73, 23742600
73, 24352600
73, 35508900
73, 35054200
73, 24138600
73, 23860700
73, 23784000
73, 25515800
73, 24916300
73, 24357500
73, 23831000
73, 25574500
73, 23787100
73, 23769900
73, 23631300
73, 24659200
73, 23962100
73, 23899300
74, 23873500
74, 24136200
74, 24800400
74, 25060000
74, 23875500
74, 23983500
74, 23966100
74, 24206500
74, 23820900
74, 23746200
74, 23916600
74, 23762500
74, 24822000
74, 23814700
74, 23888600
74, 23753100
74, 23902200
74, 23805600
74, 23963600
74, 24731500
74, 24952200
74, 23862200
74, 23782200
74, 24349000
74, 24075500
74, 23748300
74, 23840000
74, 23927700
74, 23945400
74, 29637400
74, 28216800
74, 26917600
74, 24146100
74, 33468700
74, 33436100
74, 23893300
74, 25147200
74, 23737200
74, 24089300
74, 24193900
74, 23801500
74, 23764200
74, 25537800
74, 25854700
74, 23850500
74, 24017700
74, 23818500
74, 23816200
74, 23871100
74, 23705000
75, 23737600
75, 23765100
75, 23817900
75, 33781700
75, 23757000
75, 24093600
75, 24270800
75, 23806400
75, 23803500
75, 24035200
75, 25153100
75, 26313500
75, 23770000
75, 23825900
75, 24100300
75, 24085700
75, 23807700
75, 24713800
75, 24932000
75, 28383500
75, 26091000
75, 26624400
75, 23928600
75, 24271900
75, 28036800
75, 24023800
75, 23773900
75, 24716700
75, 23720400
75, 23938500
75, 23878300
75, 23813000
75, 24312100
75, 23996300
75, 23895300
75, 23886300
75, 27373600
75, 23852100
75, 24825100
75, 23768100
75, 24486100
75, 24093600
75, 24137000
75, 24325100
75, 26974200
75, 23789700
75, 23985200
75, 23780100
75, 23836600
75, 23748700
76, 24226100
76, 24485100
76, 24353700
76, 23794600
76, 23900300
76, 23832100
76, 24653200
76, 23805000
76, 23933000
76, 24077600
76, 23781200
76, 26749800
76, 23778400
76, 23986800
76, 27011700
76, 29808000
76, 23875800
76, 24229400
76, 24537800
76, 23861500
76, 23839400
76, 24009200
76, 23841000
76, 26627200
76, 24038200
76, 24610000
76, 24198000
76, 29960500
76, 24059700
76, 24293800
76, 23692600
76, 24176200
76, 23941400
76, 23815100
76, 23945400
76, 23740800
76, 23766900
76, 25525100
76, 32138200
76, 25822800
76, 24021900
76, 24853600
76, 23952400
76, 24754300
76, 23895200
76, 23782800
76, 23989600
76, 23803400
76, 24125700
76, 24122100
77, 23876500
77, 26038200
77, 23790800
77, 23781700
77, 23780500
77, 26579100
77, 24247600
77, 23718500
77, 23772000
77, 23906800
77, 23834200
77, 23742800
77, 23810800
77, 24210800
77, 26790800
77, 24052800
77, 24116400
77, 23937700
77, 24320100
77, 23797800
77, 26661500
77, 30471700
77, 27961600
77, 23825900
77, 23817400
77, 24162300
77, 23939600
77, 24023700
77, 23923100
77, 23778900
77, 23800700
77, 28500000
77, 23722300
77, 23892300
77, 24114100
77, 24446100
77, 23840200
77, 23852800
77, 24259400
77, 23906700
77, 28523600
77, 23736000
77, 28062400
77, 38031300
77, 37557800
77, 31347500
77, 24223100
77, 24529600
77, 23884600
77, 24064600
78, 29252600
78, 23974000
78, 24204000
78, 24283800
78, 24361700
78, 25715300
78, 25446800
78, 25892800
78, 23835300
78, 23888900
78, 23803200
78, 23740100
78, 23775600
78, 23782700
78, 26056000
78, 23902500
78, 23709000
78, 23772900
78, 23946400
78, 23942100
78, 23887700
78, 23740600
78, 23788500
78, 23850700
78, 23954200
78, 23788900
78, 25063200
78, 23886500
78, 24617300
78, 23941900
78, 24315500
78, 24054700
78, 24018000
78, 23787400
78, 23784500
78, 27027900
78, 24101700
78, 23821400
78, 24062900
78, 23730400
78, 23860200
78, 23908300
78, 24193500
78, 23774900
78, 26144000
78, 24201300
78, 24455700
78, 23826500
78, 24575100
78, 23911800
79, 23975700
79, 23826300
79, 23788700
79, 23975400
79, 23873100
79, 24236400
79, 23741000
79, 23825200
79, 23813100
79, 23764200
79, 23797800
79, 23725400
79, 24811300
79, 23827100
79, 23889800
79, 23690200
79, 23870600
79, 23788100
79, 24944100
79, 23797500
79, 23929500
79, 23841900
79, 23873800
79, 26566700
79, 33412500
79, 23884800
79, 30968100
79, 31100900
79, 26450300
79, 24408200
79, 24230700
79, 23962500
79, 24006100
79, 23840300
79, 23820400
79, 24341300
79, 23877300
79, 23713700
79, 23972200
79, 23766200
79, 23814500
79, 23778400
79, 23901200
79, 23859700
79, 24710500
79, 23869400
79, 24000600
79, 23920600
79, 23947300
79, 23959500
80, 23890700
80, 23827900
80, 23797100
80, 24788400
80, 23947300
80, 24213700
80, 23794000
80, 30711400
80, 39476900
80, 24186800
80, 23857000
80, 24850500
80, 24389100
80, 23768900
80, 23808300
80, 24398800
80, 23900600
80, 24416000
80, 23837300
80, 24444200
80, 23725700
80, 23801100
80, 23856500
80, 23878900
80, 23832200
80, 24902100
80, 24115500
80, 23969500
80, 24067500
80, 23913600
80, 24824900
80, 23841400
80, 24120300
80, 24188500
80, 23826100
80, 23816300
80, 23839200
80, 24067200
80, 25236600
80, 23781500
80, 27073800
80, 24374500
80, 23816100
80, 25240800
80, 23746100
80, 23917600
80, 23778100
80, 23899300
80, 23803800
80, 24063700
81, 24810200
81, 24672300
81, 23725600
81, 23879800
81, 23915600
81, 24552700
81, 29675200
81, 33929900
81, 29490400
81, 23847100
81, 23841800
81, 24661600
81, 23840500
81, 23986600
81, 23909300
81, 24006800
81, 24331200
81, 23949000
81, 23837100
81, 23844600
81, 23906900
81, 23906600
81, 23833700
81, 23824000
81, 23837600
81, 24623200
81, 23785600
81, 23858600
81, 23802600
81, 23957200
81, 23787900
81, 24199900
81, 23895500
81, 23834400
81, 24937700
81, 23815500
81, 23816700
81, 23930600
81, 23751700
81, 23833000
81, 23966800
81, 24022400
81, 23918900
81, 24755900
81, 23981900
81, 24141400
81, 26532400
81, 35155100
81, 26372500
81, 24745500
82, 23712100
82, 23875400
82, 23988700
82, 23988200
82, 23912100
82, 23833700
82, 24204200
82, 23888100
82, 23912400
82, 23782400
82, 23902900
82, 23873500
82, 23769800
82, 23898900
82, 23852800
82, 23976100
82, 23925500
82, 23887100
82, 24274000
82, 23942300
82, 24000400
82, 23830400
82, 23750300
82, 23952400
82, 24253200
82, 25185400
82, 23989100
82, 23932700
82, 23869500
82, 24592100
82, 23858500
82, 24182300
82, 23864300
82, 24211700
82, 23799600
82, 24366300
82, 23885000
82, 23984100
82, 32269500
82, 38310700
82, 29940500
82, 26591500
82, 23816300
82, 25303100
82, 23723000
82, 23712800
82, 23738300
82, 25246400
82, 23902200
82, 27875500
83, 23857900
83, 24020700
83, 23894800
83, 23774000
83, 23745700
83, 27355800
83, 25184200
83, 23919500
83, 26667100
83, 25493900
83, 23998400
83, 25764100
83, 24110500
83, 32562100
83, 25118600
83, 23933900
83, 24558100
83, 23807300
83, 23922900
83, 23903300
83, 23886000
83, 23766100
83, 24195700
83, 23932500
83, 23890500
83, 24461000
83, 23848000
83, 23945500
83, 36309900
83, 34632200
83, 25427500
83, 24948800
83, 24747100
83, 26282700
83, 24662800
83, 24349300
83, 23932700
83, 23953500
83, 24706600
83, 23997900
83, 23816900
83, 23810200
83, 23780700
83, 23728200
83, 24275300
83, 23940600
83, 23868300
83, 23714300
83, 26068000
83, 27163600
84, 23946400
84, 23819100
84, 24564300
84, 24188400
84, 24011600
84, 23823900
84, 23804200
84, 23751300
84, 23772500
84, 23840400
84, 23807300
84, 23878800
84, 23752500
84, 24010600
84, 24544500
84, 23977100
84, 24456900
84, 24263000
84, 24341600
84, 31894800
84, 27604600
84, 24451900
84, 24051000
84, 24653900
84, 24489200
84, 23985800
84, 23904100
84, 25649200
84, 24264100
84, 24357000
84, 24027700
84, 24111300
84, 23885300
84, 23860000
84, 23884700
84, 23966300
84, 28078800
84, 23970700
84, 23874800
84, 24934200
84, 30501200
84, 32629000
84, 30864200
84, 24156400
84, 24086600
84, 23842700
84, 23810200
84, 23897400
84, 23779600
84, 23857900
85, 23801500
85, 24017100
85, 23955900
85, 23881100
85, 24196000
85, 23804300
85, 23885900
85, 23820100
85, 23806800
85, 25459000
85, 23928300
85, 23833000
85, 23753400
85, 23774500
85, 23814600
85, 23752800
85, 23763300
85, 24236100
85, 24218100
85, 23984300
85, 26502100
85, 23966100
85, 23774500
85, 23971900
85, 23814000
85, 23855900
85, 23853400
85, 24420200
85, 23826300
85, 24501800
85, 24252000
85, 24423200
85, 23915500
85, 27827700
85, 23958400
85, 24176200
85, 24890600
85, 24149800
85, 23880900
85, 24702500
85, 23927400
85, 27447100
85, 24291000
85, 23962600
85, 24193900
85, 23800300
85, 27650100
85, 23936500
85, 27863000
85, 23981100
86, 30936200
86, 24375900
86, 27669500
86, 23929600
86, 24418500
86, 24936500
86, 24147900
86, 23866800
86, 30237600
86, 24076500
86, 23910900
86, 23922700
86, 23965800
86, 23943600
86, 24078100
86, 23826600
86, 24310100
86, 23849100
86, 23882000
86, 24459500
86, 23983500
86, 24523800
86, 33601900
86, 24274700
86, 24719000
86, 24094300
86, 27274900
86, 23825100
86, 24384900
86, 24020900
86, 39783200
86, 30295100
86, 24087500
86, 23947800
86, 23797900
86, 24588400
86, 23803200
86, 24273200
86, 23846900
86, 25553600
86, 24167200
86, 24660200
86, 25241200
86, 24942300
86, 24821300
86, 24203400
86, 24829100
86, 33817900
86, 23952500
86, 23867800
87, 24010000
87, 23881600
87, 23793100
87, 23792800
87, 23916800
87, 23758300
87, 23808800
87, 23841700
87, 23872300
87, 24556700
87, 28273100
87, 24412800
87, 23892600
87, 23966500
87, 24201400
87, 24653500
87, 23836800
87, 23827700
87, 24004300
87, 24199600
87, 23889100
87, 23953900
87, 23871700
87, 23954000
87, 24167800
87, 24005000
87, 23960100
87, 24212900
87, 23914800
87, 27277800
87, 38147400
87, 24387900
87, 27577000
87, 23868700
87, 23856200
87, 23800500
87, 24518400
87, 23831300
87, 24317100
87, 23983900
87, 23833100
87, 24809600
87, 23796600
87, 23778900
87, 23795200
87, 23784400
87, 23910400
87, 23825300
87, 23745300
87, 23788700
88, 24076200
88, 24618500
88, 24145700
88, 23803200
88, 24644700
88, 23890200
88, 24962000
88, 23900900
88, 25416500
88, 34382400
88, 27679300
88, 24045900
88, 23968500
88, 23874000
88, 25355400
88, 23836900
88, 24633000
88, 23836100
88, 26817900
88, 23822500
88, 36551800
88, 27419800
88, 24868300
88, 23770800
88, 24584900
88, 23732500
88, 23688400
88, 24818500
88, 25337200
88, 23961600
88, 23801100
88, 23829100
88, 24192000
88, 23944100
88, 24481400
88, 23658900
88, 23745100
88, 24650500
88, 24296400
88, 23957500
88, 23958300
88, 24754400
88, 29035700
88, 23781400
88, 24398900
88, 24177100
88, 24895800
88, 23944700
88, 23843000
88, 23927300
89, 23940000
89, 24187200
89, 23926200
89, 23920800
89, 24198900
89, 23803100
89, 23905000
89, 23746500
89, 23957500
89, 23951500
89, 26808200
89, 30940300
89, 23887800
89, 24895900
89, 27169400
89, 23887700
89, 23880000
89, 24476400
89, 25932600
89, 24001400
89, 24434200
89, 23907800
89, 24036100
89, 29811100
89, 24901600
89, 24204800
89, 24043200
89, 23924400
89, 24712000
89, 23812100
89, 27756500
89, 25117500
89, 24079400
89, 25731900
89, 26493900
89, 26893100
89, 25508600
89, 24629500
89, 24507900
89, 23851500
89, 23991900
89, 23836900
89, 23847500
89, 23900700
89, 24191100
89, 23823800
89, 24027000
89, 23874700
89, 23877100
89, 23809200
90, 25966200
90, 30224900
90, 30218800
90, 23857600
90, 24503700
90, 23846500
90, 24008800
90, 23982900
90, 25843300
90, 23979900
90, 24190200
90, 24157800
90, 24562100
90, 29641600
90, 23938900
90, 24036300
90, 24086300
90, 23796800
90, 23937400
90, 24246100
90, 23877500
90, 23858200
90, 24045200
90, 24087500
90, 23984900
90, 24890200
90, 24667500
90, 24899200
90, 23920400
90, 23782300
90, 23815900
90, 23902000
90, 23979900
90, 23841200
90, 23986200
90, 24047100
90, 24063100
90, 23868800
90, 41026200
90, 41630800
90, 47156300
90, 36764600
90, 34954700
90, 36767800
90, 37242000
90, 33368600
90, 30699400
90, 24802600
90, 26847000
90, 24123000
91, 23871000
91, 23976700
91, 24174200
91, 23775200
91, 23755000
91, 23966200
91, 23771100
91, 23758500
91, 23786200
91, 24181500
91, 23881000
91, 24247100
91, 23789300
91, 25558500
91, 23754300
91, 23744900
91, 23739500
91, 23705200
91, 24233500
91, 24582000
91, 26046000
91, 23851800
91, 23666100
91, 24433600
91, 23925200
91, 24068600
91, 23780100
91, 24202100
91, 24649400
91, 23803000
91, 30015400
91, 27088200
91, 23750900
91, 23801100
91, 23819700
91, 24185000
91, 24164900
91, 23846900
91, 23884000
91, 23748500
91, 23963600
91, 23837500
91, 23983100
91, 23747600
91, 24314300
91, 28650900
91, 24280700
91, 23863500
91, 23896200
91, 25334200
92, 23840900
92, 23786900
92, 24040700
92, 24360400
92, 25359300
92, 23841900
92, 24400600
92, 23948400
92, 23862600
92, 24363500
92, 23912200
92, 24542500
92, 24138400
92, 23853800
92, 24105400
92, 23877900
92, 23884100
92, 23902000
92, 30551400
92, 24144600
92, 23910200
92, 34510300
92, 24087800
92, 28118300
92, 24284500
92, 23938200
92, 26278600
92, 24288400
92, 23905500
92, 23808400
92, 23879200
92, 24752400
92, 23953400
92, 23833000
92, 24237300
92, 24395800
92, 24208600
92, 23892700
92, 23817300
92, 31652300
92, 28732900
92, 23912600
92, 23841400
92, 24613900
92, 25126000
92, 24535500
92, 24303900
92, 24573500
92, 33751200
92, 36459900
93, 24013400
93, 24001900
93, 23880000
93, 24798600
93, 24279000
93, 23911900
93, 23988000
93, 23757800
93, 25908400
93, 25815200
93, 23865000
93, 28174100
93, 23939000
93, 23804100
93, 23748500
93, 24359200
93, 24928900
93, 23940600
93, 24138000
93, 23843600
93, 26530300
93, 23864700
93, 23802100
93, 23745500
93, 23794400
93, 23781200
93, 24417000
93, 23801800
93, 24403000
93, 24053200
93, 23839100
93, 23794600
93, 23747500
93, 24231700
93, 24993300
93, 23951200
93, 24623400
93, 23715800
93, 24492500
93, 23863300
93, 23934300
93, 23847100
93, 24051600
93, 24017100
93, 23870900
93, 24235400
93, 23984000
93, 23913100
93, 36217100
93, 29192300
94, 23842800
94, 24413700
94, 23853600
94, 23776700
94, 26350700
94, 24085600
94, 23903000
94, 25043400
94, 23874800
94, 23761900
94, 23845400
94, 23826100
94, 23961300
94, 23875600
94, 23791500
94, 23779200
94, 23799200
94, 23954700
94, 24319500
94, 23859200
94, 24290100
94, 23856000
94, 23920400
94, 23871000
94, 23838700
94, 25133600
94, 23916600
94, 24526200
94, 23818400
94, 24647300
94, 23940100
94, 24294000
94, 23880800
94, 25668500
94, 23826800
94, 23871100
94, 23868000
94, 23951800
94, 24089100
94, 27961900
94, 25852300
94, 23785700
94, 23855400
94, 23977000
94, 23880100
94, 24426200
94, 23930900
94, 23768000
94, 26526500
94, 24085200
95, 23898100
95, 23873600
95, 26371200
95, 27610800
95, 23832400
95, 23812800
95, 23871900
95, 24248800
95, 23859400
95, 24008600
95, 23979000
95, 23790400
95, 28412700
95, 23926300
95, 23898100
95, 23846900
95, 24906700
95, 23990800
95, 23876600
95, 24460800
95, 24202000
95, 24456000
95, 24003100
95, 23955900
95, 23999700
95, 23879200
95, 23814600
95, 23997700
95, 23834700
95, 23852600
95, 29865700
95, 37177600
95, 36255400
95, 36277400
95, 41077600
95, 36305400
95, 36851700
95, 32686700
95, 27410800
95, 23819500
95, 24130400
95, 24188300
95, 23858000
95, 23768600
95, 24205100
95, 23747700
95, 27363700
95, 23841800
95, 23806700
95, 26049200
96, 24256700
96, 23777400
96, 24710700
96, 24449300
96, 23764500
96, 23846200
96, 23800300
96, 23774900
96, 24452400
96, 23771600
96, 23880800
96, 24000500
96, 23927600
96, 23806000
96, 23887500
96, 24213100
96, 23742800
96, 25994500
96, 24366500
96, 23804800
96, 23877700
96, 23712200
96, 23838000
96, 23787700
96, 23822600
96, 23829200
96, 23706900
96, 24468400
96, 23852700
96, 24349700
96, 24202700
96, 23760200
96, 23721000
96, 23762600
96, 23836500
96, 23762100
96, 23892000
96, 23805900
96, 23873200
96, 24125200
96, 24032800
96, 23976800
96, 24307600
96, 23870500
96, 24035800
96, 25064900
96, 23754400
96, 24089700
96, 23849900
96, 23861200
97, 24326800
97, 24281800
97, 23938600
97, 24070700
97, 23869100
97, 24445500
97, 23864100
97, 23953000
97, 23939400
97, 24684600
97, 30457300
97, 23841400
97, 24067500
97, 26748300
97, 29423900
97, 27815900
97, 23873900
97, 25928600
97, 25170900
97, 23919400
97, 24639500
97, 23960700
97, 23770800
97, 23899500
97, 23952500
97, 23817700
97, 23868900
97, 23793700
97, 24005800
97, 24015400
97, 24190500
97, 23980800
97, 23820900
97, 24059800
97, 23861000
97, 24897500
97, 23807900
97, 23904900
97, 30107300
97, 24283500
97, 23824700
97, 24649300
97, 25275500
97, 24128800
97, 23820500
97, 24189100
97, 24023900
97, 28150300
97, 23830700
97, 28425800
98, 27156100
98, 23952400
98, 24019800
98, 24141300
98, 28433100
98, 32259700
98, 23866800
98, 26022100
98, 24300800
98, 24175700
98, 24027100
98, 24067300
98, 24405300
98, 23855500
98, 24089400
98, 23917500
98, 23843400
98, 27423900
98, 23991200
98, 23899200
98, 24548500
98, 23728100
98, 27345100
98, 26553700
98, 26683600
98, 24865300
98, 23863500
98, 23952800
98, 23769300
98, 25057400
98, 23951100
98, 23884200
98, 23983600
98, 24731700
98, 24487600
98, 23833400
98, 23939400
98, 24497800
98, 23843700
98, 27523900
98, 27369600
98, 28716500
98, 23983100
98, 23881300
98, 25339600
98, 23992000
98, 27314500
98, 25743300
98, 24121500
98, 24804300
99, 25064000
99, 23971200
99, 23920300
99, 24475800
99, 24203900
99, 23944900
99, 23811700
99, 26432000
99, 23926200
99, 23824800
99, 23875900
99, 23841300
99, 23770300
99, 24187400
99, 23845400
99, 23957200
99, 25071500
99, 24303600
99, 23810600
99, 24040300
99, 23842900
99, 40592200
99, 30820100
99, 23691800
99, 23811400
99, 23708900
99, 23901300
99, 23816900
99, 24754800
99, 25106900
99, 23836900
99, 23958600
99, 23816600
99, 23785700
99, 23812900
99, 23885400
99, 23787900
99, 23771300
99, 24569400
99, 24038300
99, 24192400
99, 24456700
99, 24170100
99, 23954900
99, 23981600
99, 24377200
99, 24179300
99, 23998900
99, 28587300
99, 23911700
100, 23977800
100, 23889400
100, 24034900
100, 23834000
100, 24357100
100, 23862100
100, 25062500
100, 23891200
100, 23770800
100, 23797300
100, 23901000
100, 23882700
100, 23978800
100, 23848900
100, 24674000
100, 23896400
100, 24808500
100, 23879200
100, 24081100
100, 23940800
100, 26602800
100, 39172100
100, 23758100
100, 23754600
100, 23784100
100, 23748900
100, 24220900
100, 23788400
100, 24509000
100, 23772500
100, 23883600
100, 23795600
100, 23844500
100, 23930300
100, 24070600
100, 23883500
100, 23867500
100, 23753400
100, 23900700
100, 23853900
100, 23924800
100, 24244000
100, 24448100
100, 24806600
100, 27448300
100, 24102900
100, 24184500
100, 25107200
100, 24347500
100, 23799200
