0, 25067600
0, 25025100
0, 25638500
0, 25202400
0, 25155400
0, 25336800
0, 25061000
0, 25062000
0, 25060200
0, 25110700
0, 25170600
0, 25201500
0, 25196600
0, 25105400
0, 25197600
0, 25123200
0, 25132400
0, 25129500
0, 25226900
0, 29266200
0, 25239500
0, 25104000
0, 25668000
0, 25108400
0, 25284100
0, 25481900
0, 25247000
0, 29139500
0, 25227400
0, 25176800
0, 29401800
0, 29142300
0, 25106000
0, 26501500
0, 25911800
0, 25131900
0, 29259600
0, 25950400
0, 25375200
0, 25230100
0, 25216800
0, 26155100
0, 25518200
0, 25192900
0, 25427700
0, 25111700
0, 25125000
0, 25101800
0, 25119000
0, 25125900
1, 25117500
1, 25108800
1, 25122700
1, 25184000
1, 25168800
1, 25105200
1, 25281300
1, 25276200
1, 25130900
1, 25110600
1, 25287700
1, 25201200
1, 25336300
1, 25196500
1, 25051500
1, 25441500
1, 25363100
1, 25148400
1, 25565600
1, 25189400
1, 25135900
1, 25118800
1, 26116100
1, 25378600
1, 25232000
1, 25173600
1, 26846300
1, 25385300
1, 25168400
1, 25104000
1, 25985700
1, 25296200
1, 25363500
1, 25129400
1, 25198700
1, 25212600
1, 25130900
1, 25128800
1, 25305500
1, 25209500
1, 25144800
1, 25102600
1, 25095700
1, 25136300
1, 25172100
1, 25098400
1, 25239800
1, 25192500
1, 29585700
1, 25391300
2, 25109200
2, 25075900
2, 25197700
2, 25096400
2, 25078400
2, 25907600
2, 25392300
2, 25303900
2, 25176600
2, 28944800
2, 25201500
2, 25063900
2, 27752500
2, 25370600
2, 25068800
2, 25908900
2, 25262400
2, 25230900
2, 25277700
2, 25127100
2, 25667200
2, 25357400
2, 25157400
2, 25120900
2, 25266400
2, 25171000
2, 25087300
2, 25190000
2, 25600300
2, 25069900
2, 24998200
2, 24969000
2, 25088800
2, 25126600
2, 25053800
2, 25093200
2, 25414300
2, 25188500
2, 25120900
2, 25033300
2, 25115200
2, 25734300
2, 25392100
2, 29185200
2, 25265800
2, 25244000
2, 25109700
2, 25377800
2, 25439500
2, 25650900
3, 25695400
3, 25738500
3, 25333600
3, 25204100
3, 25023000
3, 25145000
3, 24908900
3, 25035700
3, 24983900
3, 26279700
3, 25187200
3, 25275700
3, 25260000
3, 25107000
3, 25066000
3, 25236100
3, 25152000
3, 25511300
3, 27890000
3, 25083300
3, 25079500
3, 25168700
3, 25144000
3, 25116000
3, 25643100
3, 25122700
3, 25156300
3, 26033900
3, 25976300
3, 25517000
3, 25045700
3, 25080700
3, 25281700
3, 25153600
3, 25369400
3, 25241000
3, 25763300
3, 25220800
3, 25276900
3, 25244200
3, 25060100
3, 27190500
3, 25301400
3, 25272600
3, 25200200
3, 25154400
3, 25115400
3, 25387500
3, 25106700
3, 25498100
4, 25294700
4, 25358900
4, 25343100
4, 25839100
4, 24900700
4, 25030500
4, 24986800
4, 25093300
4, 25128900
4, 25138500
4, 25151700
4, 24972400
4, 24938200
4, 25116400
4, 25021700
4, 25369200
4, 25052300
4, 24984800
4, 25043600
4, 25007000
4, 25406200
4, 24994400
4, 25003000
4, 25802700
4, 25889600
4, 25288200
4, 25197200
4, 25145300
4, 25500300
4, 25148600
4, 26508600
4, 25195500
4, 25206700
4, 25131400
4, 25105700
4, 25321300
4, 24971500
4, 25059000
4, 25612400
4, 25324600
4, 25185900
4, 25169600
4, 25303000
4, 25237400
4, 25275900
4, 25093600
4, 25197900
4, 25054300
4, 25033900
4, 24995000
5, 25091100
5, 25125500
5, 25082100
5, 25056400
5, 25179600
5, 25162900
5, 25108000
5, 26361500
5, 24885600
5, 24953600
5, 24987900
5, 25011700
5, 24998600
5, 25659800
5, 25985900
5, 25112300
5, 25212600
5, 25275900
5, 25715800
5, 27499700
5, 27653700
5, 25928800
5, 29555000
5, 25976700
5, 28077200
5, 25802700
5, 33940300
5, 26502000
5, 25376300
5, 25525200
5, 25105000
5, 25666900
5, 25387300
5, 25192900
5, 25093500
5, 25156100
5, 25147800
5, 25061300
5, 25200300
5, 25295600
5, 25311200
5, 25086000
5, 25101000
5, 25147000
5, 25361600
5, 26086100
5, 25157200
5, 24877000
5, 24993400
5, 24992400
6, 24961000
6, 30276800
6, 33181200
6, 25996500
6, 28474500
6, 25555900
6, 25571300
6, 26770600
6, 38303000
6, 27633200
6, 25489500
6, 25410700
6, 26053400
6, 26486000
6, 25178500
6, 25707200
6, 25427200
6, 25119800
6, 25084300
6, 25146300
6, 25203400
6, 25541300
6, 25139600
6, 25107800
6, 25127800
6, 25176100
6, 25351600
6, 25088900
6, 25131100
6, 25249700
6, 25205900
6, 25190500
6, 25060400
6, 26269300
6, 25252600
6, 25075800
6, 25118400
6, 25499900
6, 25484500
6, 25406400
6, 25361900
6, 29063000
6, 25235800
6, 25151700
6, 25207000
6, 25464200
6, 27208500
6, 25283100
6, 25314900
6, 30528400
7, 27742500
7, 25182600
7, 25205500
7, 25152400
7, 26755900
7, 25139600
7, 25129800
7, 25663400
7, 25263000
7, 25097200
7, 25171300
7, 31123100
7, 25751300
7, 28954400
7, 25240500
7, 25199300
7, 25106400
7, 25126000
7, 25147300
7, 25923900
7, 25238500
7, 31490500
7, 26435000
7, 25271200
7, 25092000
7, 25093100
7, 25945900
7, 27385600
7, 32583400
7, 25460400
7, 25972600
7, 25205400
7, 26237300
7, 27274500
7, 27967100
7, 25852500
7, 25416400
7, 25186200
7, 25544900
7, 25669300
7, 25119700
7, 25283500
7, 25657500
7, 25279900
7, 25166700
7, 25190900
7, 25403700
7, 25186700
7, 25187300
7, 25180600
8, 25729000
8, 25318200
8, 25221700
8, 25337500
8, 25116100
8, 25104100
8, 25069300
8, 25465600
8, 25167900
8, 25298000
8, 25195500
8, 25166600
8, 25094000
8, 25077200
8, 25434900
8, 25117000
8, 26479200
8, 25269800
8, 25224300
8, 25158900
8, 25503200
8, 26239100
8, 25200300
8, 29443800
8, 36154300
8, 34917700
8, 36285200
8, 26505400
8, 26928600
8, 25922800
8, 29190900
8, 31008200
8, 25845500
8, 25069800
8, 25553500
8, 25154200
8, 25706900
8, 25240500
8, 25265300
8, 25371100
8, 25149100
8, 25731200
8, 26446000
8, 26289500
8, 27168500
8, 26098700
8, 27208400
8, 27100300
8, 26441400
8, 26398900
9, 26048600
9, 26451900
9, 28176900
9, 26905200
9, 25723900
9, 26435100
9, 26497700
9, 26855500
9, 30705000
9, 28849500
9, 30429400
9, 25139000
9, 25671100
9, 25323400
9, 27460800
9, 29542900
9, 27420800
9, 24990200
9, 27288900
9, 26521900
9, 24955900
9, 24924400
9, 25041900
9, 24948800
9, 24914200
9, 25437900
9, 25075900
9, 25167800
9, 25158200
9, 25132800
9, 25199300
9, 25362600
9, 25717800
9, 25177900
9, 26243700
9, 25258900
9, 25615200
9, 25114900
9, 25550900
9, 25675600
9, 25111200
9, 25268700
9, 25967500
9, 25605800
9, 25291200
9, 25151700
9, 25276600
9, 25188600
9, 25093700
9, 28265000
10, 25338300
10, 25337900
10, 25352800
10, 25216800
10, 25268800
10, 25501500
10, 25183200
10, 26558400
10, 25264700
10, 25160300
10, 25218000
10, 25876800
10, 25839500
10, 25505000
10, 25092300
10, 25139800
10, 25650700
10, 25412400
10, 25300100
10, 25178600
10, 25802400
10, 26087400
10, 26812400
10, 25447700
10, 26004100
10, 25243600
10, 26400000
10, 25103600
10, 25257900
10, 25399900
10, 25053200
10, 25133000
10, 25221900
10, 25246300
10, 25096700
10, 25659800
10, 25003500
10, 25258300
10, 27307500
10, 26870500
10, 26173700
10, 25383500
10, 25218800
10, 25137200
10, 25183000
10, 25150800
10, 25854800
10, 25305800
10, 25113400
10, 25314900
11, 25192800
11, 25142800
11, 25162700
11, 25152900
11, 25192900
11, 25286000
11, 25140400
11, 25174400
11, 25106300
11, 25426200
11, 25208000
11, 25182500
11, 25005600
11, 25123800
11, 25148900
11, 25123100
11, 25708300
11, 25129100
11, 25101000
11, 25143100
11, 25102100
11, 25276400
11, 25294000
11, 25132900
11, 25151400
11, 25158500
11, 25432900
11, 25349500
11, 28724100
11, 25641200
11, 28911200
11, 27149700
11, 27168700
11, 29107200
11, 30909700
11, 38438900
11, 26277300
11, 27587400
11, 33762700
11, 27279100
11, 26419200
11, 25847300
11, 25125100
11, 25382300
11, 27063000
11, 27089900
11, 27054700
11, 27904500
11, 27981100
11, 25390400
12, 27430000
12, 27400400
12, 25767000
12, 25301500
12, 24960800
12, 25347800
12, 25729900
12, 24876700
12, 25358000
12, 24969800
12, 24865800
12, 25122800
12, 24993500
12, 24881100
12, 25485900
12, 25061000
12, 24968300
12, 24871900
12, 25343600
12, 25505400
12, 24955900
12, 25183600
12, 25123900
12, 25181600
12, 25718400
12, 25223300
12, 25231800
12, 25186100
12, 25155600
12, 25134600
12, 25142900
12, 25136700
12, 25182200
12, 25198400
12, 25433100
12, 25212400
12, 25389200
12, 25306800
12, 25121600
12, 25225200
12, 25310200
12, 25165600
12, 25571100
12, 25246900
12, 25185200
12, 25125900
12, 25158000
12, 25244800
12, 25320500
12, 25381100
13, 25246500
13, 25288600
13, 26311500
13, 24983400
13, 29266600
13, 25320700
13, 26214900
13, 28840000
13, 26570500
13, 25207900
13, 25253600
13, 26310600
13, 28522100
13, 25393500
13, 26216800
13, 25374500
13, 25396700
13, 25167400
13, 25162200
13, 25102000
13, 25261400
13, 25212400
13, 25298800
13, 25154800
13, 25685000
13, 25248300
13, 25276700
13, 25465600
13, 25298000
13, 25348400
13, 25180200
13, 25609200
13, 25239200
13, 25894700
13, 25668800
13, 26537000
13, 25231200
13, 25320700
13, 25337300
13, 25223000
13, 25127000
13, 25160100
13, 29011000
13, 26121000
13, 25474000
13, 25194300
13, 25286700
13, 25127000
13, 27001600
13, 25407300
14, 25268800
14, 27564000
14, 25357000
14, 25114800
14, 25234000
14, 25869100
14, 25131700
14, 25262000
14, 25111700
14, 29535800
14, 24990200
14, 25072600
14, 24929000
14, 25263400
14, 25086800
14, 24983400
14, 24952300
14, 25022900
14, 25063600
14, 25101800
14, 25123000
14, 25712500
14, 24989700
14, 25182700
14, 25100300
14, 25816700
14, 25395100
14, 25113500
14, 25410500
14, 29077500
14, 25538100
14, 25103300
14, 28308600
14, 28838700
14, 25714000
14, 25160200
14, 25374100
14, 25616300
14, 25154600
14, 25018200
14, 26678400
14, 26303900
14, 25153500
14, 28078600
14, 25323700
14, 27576000
14, 25072300
14, 25108000
14, 25554500
14, 25112000
15, 25122400
15, 25090400
15, 25263100
15, 25197400
15, 25317000
15, 25652200
15, 25281600
15, 25182200
15, 25298100
15, 25128700
15, 25185000
15, 29649500
15, 25017300
15, 29723400
15, 25400700
15, 25108000
15, 25356500
15, 25163500
15, 25116100
15, 25232100
15, 25191600
15, 26874600
15, 26072600
15, 28880200
15, 25243800
15, 25179800
15, 25200500
15, 25067200
15, 29632400
15, 25336300
15, 25106700
15, 25080600
15, 25136900
15, 27101900
15, 24956900
15, 24985900
15, 26905600
15, 25106400
15, 25055600
15, 25019800
15, 25084500
15, 25004800
15, 25434200
15, 25791700
15, 25170200
15, 25267400
15, 25886400
15, 26637200
15, 25108900
15, 25108300
16, 25076700
16, 25125500
16, 25068400
16, 25254300
16, 25075000
16, 25071500
16, 25085800
16, 25528900
16, 26111300
16, 25191400
16, 27160200
16, 25437900
16, 25133900
16, 25828400
16, 25680300
16, 25197100
16, 25297800
16, 25101900
16, 26138000
16, 25286600
16, 25245600
16, 25055400
16, 25273300
16, 25145900
16, 25115900
16, 29002500
16, 25162500
16, 25144600
16, 25105300
16, 25046700
16, 25078200
16, 25166100
16, 25175900
16, 25365800
16, 25348200
16, 25798500
16, 28565100
16, 25541700
16, 25623500
16, 25521800
16, 25629400
16, 25532100
16, 25590200
16, 26358200
16, 29553200
16, 25456400
16, 36901600
16, 28923800
16, 34470800
16, 25761400
17, 25321600
17, 25415200
17, 25569600
17, 25278900
17, 25409100
17, 26033000
17, 25192900
17, 25365600
17, 25147500
17, 25113900
17, 28592800
17, 25147900
17, 25128800
17, 25314600
17, 26639200
17, 32897900
17, 25767900
17, 25558300
17, 25556800
17, 25897600
17, 25842800
17, 25623100
17, 26405400
17, 25517700
17, 25842900
17, 25648700
17, 25700800
17, 25896600
17, 25768600
17, 25595200
17, 25838800
17, 25707900
17, 32339500
17, 29568200
17, 26232200
17, 28496900
17, 34502600
17, 25707100
17, 25730500
17, 25561100
17, 25337000
17, 25196400
17, 25295900
17, 25268900
17, 26313300
17, 25147700
17, 25100900
17, 25791700
17, 25230000
17, 25684900
18, 25234800
18, 25191500
18, 25239500
18, 25692000
18, 25639100
18, 25802100
18, 25458800
18, 25700000
18, 25483500
18, 25605700
18, 26155600
18, 25748900
18, 25881400
18, 25668700
18, 25693700
18, 25519100
18, 25530000
18, 25801100
18, 25844700
18, 25590200
18, 25742800
18, 27890700
18, 25574400
18, 25590100
18, 34345500
18, 27545300
18, 25366500
18, 25211900
18, 29959600
18, 25533100
18, 25437700
18, 25318900
18, 25492800
18, 25918800
18, 25144800
18, 25088600
18, 25025800
18, 25042700
18, 24995700
18, 24946600
18, 28867500
18, 25062400
18, 25056300
18, 25107300
18, 25091100
18, 25297000
18, 24991600
18, 25065700
18, 24944200
18, 25049100
19, 25456900
19, 24999400
19, 25026400
19, 25033600
19, 25014400
19, 24938600
19, 24973300
19, 25754800
19, 25409500
19, 25852900
19, 25371400
19, 32012100
19, 29871600
19, 35113300
19, 30631000
19, 27633800
19, 25638000
19, 25061700
19, 25190200
19, 25406900
19, 26483100
19, 25262400
19, 25069200
19, 24918400
19, 26848800
19, 25047400
19, 25292900
19, 25161600
19, 26431000
19, 25051100
19, 25575200
19, 25097900
19, 25530800
19, 25056700
19, 25203100
19, 25084400
19, 25147300
19, 25086100
19, 25361000
19, 25333400
19, 25191700
19, 25227200
19, 25261100
19, 25134500
19, 25467600
19, 26032400
19, 37178300
19, 25508000
19, 27941700
19, 35811200
20, 30468200
20, 25597100
20, 25043100
20, 25148500
20, 25008900
20, 24985100
20, 25015800
20, 25011400
20, 25515600
20, 26040600
20, 25357700
20, 25147400
20, 25143700
20, 25122600
20, 25075900
20, 25175400
20, 25322200
20, 26040400
20, 25656800
20, 25010400
20, 24926600
20, 24879800
20, 24943600
20, 25044100
20, 24965300
20, 25065800
20, 25786300
20, 25123800
20, 25562600
20, 25054000
20, 25053400
20, 25025700
20, 25056000
20, 25237500
20, 25423600
20, 25544300
20, 25348300
20, 25345900
20, 35030100
20, 29007400
20, 28979700
20, 24980400
20, 25029000
20, 25006600
20, 24989100
20, 25136800
20, 24948500
20, 26527100
20, 25279600
20, 25336200
21, 25675900
21, 25166700
21, 25341700
21, 25147700
21, 25145600
21, 25117700
21, 28005600
21, 25162300
21, 25095300
21, 25103800
21, 25068200
21, 25076700
21, 25315600
21, 25121900
21, 25191200
21, 25064000
21, 25036300
21, 25245500
21, 25053100
21, 24985300
21, 24921300
21, 24988800
21, 25131500
21, 25378600
21, 25398700
21, 25417300
21, 28605400
21, 35978900
21, 26656600
21, 29061300
21, 24946500
21, 26088000
21, 25131200
21, 25072400
21, 25133700
21, 25246100
21, 26070600
21, 25318700
21, 25246200
21, 25152300
21, 25088200
21, 25422600
21, 25207600
21, 25319500
21, 25950500
21, 25088500
21, 28378700
21, 25706000
21, 26281700
21, 27329100
22, 29605500
22, 26694200
22, 25866900
22, 31640600
22, 27065500
22, 25513500
22, 25946500
22, 28435100
22, 25536300
22, 25363600
22, 25984500
22, 29207400
22, 25340800
22, 25378700
22, 25829300
22, 25433000
22, 34423700
22, 27241000
22, 24990900
22, 24926500
22, 25019300
22, 24967100
22, 25214700
22, 24881200
22, 26349900
22, 28886300
22, 25228500
22, 25178300
22, 29066300
22, 25136300
22, 25146400
22, 25126900
22, 25050400
22, 25699600
22, 25081800
22, 25122800
22, 25252400
22, 25148800
22, 25052900
22, 25189100
22, 28824200
22, 25792200
22, 24906500
22, 24985900
22, 24991600
22, 25358300
22, 24985400
22, 24994800
22, 24946100
22, 25114700
23, 25066200
23, 25210500
23, 24961100
23, 29149300
23, 24862800
23, 26198000
23, 25245100
23, 25241100
23, 25049000
23, 25151800
23, 25075100
23, 25253400
23, 25171500
23, 29261200
23, 25166600
23, 25591800
23, 25163900
23, 25113900
23, 25358200
23, 25328000
23, 25103800
23, 25135100
23, 25126100
23, 25403100
23, 25104500
23, 25019200
23, 25057300
23, 25040800
23, 25079200
23, 24920100
23, 25022100
23, 25875600
23, 25475400
23, 28826000
23, 26080200
23, 26125200
23, 25467700
23, 25632300
23, 25516200
23, 25605300
23, 25322800
23, 25362400
23, 25381700
23, 38543800
23, 34306700
23, 25749100
23, 25048500
23, 24956600
23, 25117500
23, 24915400
24, 25064700
24, 25878400
24, 25289500
24, 25073200
24, 25185900
24, 25143300
24, 25118600
24, 25674800
24, 25093500
24, 25122700
24, 25764600
24, 25173000
24, 26126300
24, 25469400
24, 25465300
24, 31185500
24, 25379800
24, 25444700
24, 25353200
24, 25363300
24, 25424500
24, 38052400
24, 29474900
24, 26625200
24, 25656900
24, 25629700
24, 25485000
24, 24950700
24, 25067600
24, 24925700
24, 28211900
24, 27164700
24, 25851700
24, 25437800
24, 25718500
24, 24978100
24, 25671700
24, 25016700
24, 25066600
24, 25432400
24, 25405800
24, 25148700
24, 25043800
24, 25144500
24, 25184200
24, 25301700
24, 25396600
24, 25101100
24, 26798000
24, 25229600
25, 28761200
25, 25135200
25, 25126600
25, 25119300
25, 25378400
25, 25119300
25, 25883200
25, 25292400
25, 25361200
25, 25591100
25, 25512100
25, 29470800
25, 25886800
25, 26012500
25, 25780300
25, 25494900
25, 25337800
25, 25398300
25, 25648900
25, 25306000
25, 34565100
25, 36561100
25, 28011600
25, 27541800
25, 25300200
25, 25220300
25, 25126800
25, 26316400
25, 25400400
25, 26415800
25, 25116700
25, 25099600
25, 25117200
25, 25179200
25, 25461700
25, 25685200
25, 25394400
25, 25160800
25, 25088500
25, 25104400
25, 25750200
25, 25146900
25, 25309800
25, 25123900
25, 25188200
25, 25028300
25, 24957000
25, 24901400
25, 24897900
25, 24948800
26, 25111700
26, 24954300
26, 26724000
26, 26347800
26, 25559100
26, 25411000
26, 25409300
26, 25864500
26, 31322500
26, 37101300
26, 27098200
26, 27680400
26, 25233400
26, 25100000
26, 25161400
26, 25081400
26, 25791900
26, 27598500
26, 25207400
26, 25115000
26, 25049000
26, 25669800
26, 25299700
26, 25088200
26, 25406700
26, 25110600
26, 25119700
26, 25217700
26, 25139700
26, 25960900
26, 25131400
26, 25180600
26, 25119800
26, 24810500
26, 24921100
26, 24921400
26, 29108200
26, 24954300
26, 27997100
26, 25089100
26, 25092000
26, 29111700
26, 25775200
26, 24893100
26, 24897000
26, 25010700
26, 24914800
26, 26446000
26, 26693700
26, 25177800
27, 25132300
27, 26072500
27, 25291600
27, 25114700
27, 25136100
27, 25769600
27, 25586000
27, 25023600
27, 24987700
27, 28003600
27, 25026800
27, 25229200
27, 25169000
27, 25065500
27, 27956200
27, 25076200
27, 25088000
27, 25172200
27, 25560200
27, 26226100
27, 25197700
27, 26136100
27, 25239200
27, 25207400
27, 25071900
27, 25159900
27, 25525400
27, 25008300
27, 24996200
27, 24907000
27, 25132300
27, 25499400
27, 24955700
27, 25159400
27, 25165100
27, 25010500
27, 25052500
27, 25942700
27, 25146600
27, 28980800
27, 25239400
27, 25193100
27, 25083600
27, 25040600
27, 25187500
27, 25724700
27, 25516800
27, 28021300
27, 25207100
27, 25034400
28, 25172400
28, 25134400
28, 25198600
28, 25943500
28, 24910900
28, 24974700
28, 25143900
28, 25952400
28, 25102700
28, 25234800
28, 25740800
28, 25270600
28, 25156800
28, 25940200
28, 25880700
28, 25024800
28, 25281400
28, 25101000
28, 24923600
28, 25108100
28, 24933900
28, 24962600
28, 24956600
28, 25105700
28, 24966400
28, 24909200
28, 27148600
28, 25388900
28, 25495800
28, 25149100
28, 25153000
28, 25215400
28, 25137100
28, 25073400
28, 25711900
28, 25321900
28, 25069200
28, 25177300
28, 25237400
28, 25092300
28, 25363000
28, 25612600
28, 25098600
28, 25247000
28, 25614100
28, 25122200
28, 25071200
28, 25260100
28, 25092900
28, 25683400
29, 25166200
29, 25708600
29, 25808500
29, 25352000
29, 25357100
29, 25500800
29, 25264700
29, 29408900
29, 25438200
29, 25636700
29, 25365100
29, 25939100
29, 25738600
29, 26415800
29, 25570500
29, 33508400
29, 31639800
29, 28218300
29, 26099200
29, 25773800
29, 26504100
29, 25948200
29, 25885500
29, 37113000
29, 29913200
29, 25316100
29, 25221400
29, 25170600
29, 25837200
29, 25334500
29, 25799000
29, 26033800
29, 25144800
29, 25273800
29, 25194600
29, 25144300
29, 25269400
29, 25164700
29, 25752700
29, 25568800
29, 26061100
29, 30115200
29, 25533400
29, 25375700
29, 26768800
29, 25430400
29, 25475500
29, 26008100
29, 25730200
29, 30141200
30, 25431900
30, 25416900
30, 25399300
30, 31320400
30, 25543200
30, 25420000
30, 25041800
30, 25053800
30, 25524200
30, 25167700
30, 27790500
30, 25696600
30, 25116400
30, 25387200
30, 25077100
30, 25123800
30, 25071200
30, 25144300
30, 25378800
30, 25697500
30, 25068700
30, 25152200
30, 25058400
30, 25221500
30, 25050400
30, 25106800
30, 25203500
30, 25632600
30, 25205100
30, 25402500
30, 25076800
30, 25053800
30, 25041300
30, 25083400
30, 28276900
30, 25532200
30, 25616300
30, 25439800
30, 25586100
30, 25897300
30, 29155000
30, 28535600
30, 32662000
30, 25128800
30, 25004600
30, 24988600
30, 25134400
30, 24891100
30, 24928700
30, 25446600
31, 25967900
31, 24950600
31, 24941900
31, 26063100
31, 24974600
31, 25056800
31, 25395600
31, 25122300
31, 26343800
31, 25414100
31, 25486700
31, 25549400
31, 25568000
31, 25803500
31, 25681600
31, 25446600
31, 25394900
31, 26222000
31, 25797700
31, 25439100
31, 25384500
31, 25345100
31, 25491400
31, 25482700
31, 25623100
31, 25414700
31, 25299900
31, 25431400
31, 26180300
31, 29008600
31, 30021100
31, 28400700
31, 25156100
31, 25674900
31, 30390300
31, 25220900
31, 24999000
31, 25082400
31, 25773300
31, 26321800
31, 25109800
31, 25146400
31, 25299700
31, 25168000
31, 25021800
31, 25050900
31, 25021300
31, 25846800
31, 26016400
31, 25466500
32, 25517600
32, 25703300
32, 25916000
32, 25814200
32, 27978100
32, 25734000
32, 25954700
32, 25364600
32, 25579700
32, 25403300
32, 25472900
32, 25389400
32, 25541000
32, 25825300
32, 25560600
32, 25720200
32, 25668200
32, 26206900
32, 29428500
32, 32954600
32, 25853000
32, 25066300
32, 25043100
32, 25307900
32, 25009500
32, 24990500
32, 25138100
32, 26717900
32, 27773000
32, 25146000
32, 25757100
32, 24999400
32, 25086900
32, 24991900
32, 24913600
32, 25036300
32, 24933100
32, 25447100
32, 24992400
32, 24907800
32, 25178100
32, 24887000
32, 25620000
32, 25004200
32, 25230700
32, 25693900
32, 25047700
32, 25097300
32, 25229900
32, 25019100
33, 25036200
33, 25676800
33, 25648900
33, 25390300
33, 25375200
33, 25472500
33, 25569500
33, 25903300
33, 32550100
33, 26474800
33, 33159800
33, 26222600
33, 25959500
33, 25417600
33, 25569000
33, 27033600
33, 25657200
33, 24952200
33, 25156900
33, 25075400
33, 25047500
33, 25099100
33, 25035100
33, 25283000
33, 27798600
33, 25260000
33, 25461100
33, 25173600
33, 25135800
33, 25044700
33, 25294700
33, 25152800
33, 25395400
33, 25067500
33, 25132100
33, 26178100
33, 25224400
33, 25124200
33, 25886600
33, 24989200
33, 25104100
33, 25032100
33, 24940800
33, 24941500
33, 24935200
33, 24927300
33, 24948600
33, 33217200
33, 28401100
33, 25514700
34, 29686100
34, 25498300
34, 25415600
34, 25065700
34, 25681700
34, 25105900
34, 25111200
34, 25190600
34, 24958600
34, 25043300
34, 25090600
34, 28545700
34, 26676400
34, 25320600
34, 25060800
34, 25306900
34, 25383000
34, 25131200
34, 25089500
34, 25203900
34, 25813700
34, 25374800
34, 25900800
34, 25661300
34, 24990600
34, 25170400
34, 25077900
34, 25221500
34, 25049400
34, 25370000
34, 24921400
34, 25641700
34, 25323100
34, 25151900
34, 25078700
34, 25061200
34, 27637500
34, 25207700
34, 25002800
34, 25009500
34, 25008900
34, 29680900
34, 25065500
34, 25242000
34, 25585300
34, 26161100
34, 24904100
34, 24962300
34, 28112600
34, 25055500
35, 24970000
35, 24909800
35, 24950900
35, 24896100
35, 24901600
35, 24951700
35, 25473800
35, 24973500
35, 24923800
35, 25849500
35, 25705700
35, 25526700
35, 25626400
35, 25351200
35, 25414200
35, 26118300
35, 31098000
35, 25419800
35, 28988400
35, 25863400
35, 25357000
35, 25569100
35, 26044100
35, 25410600
35, 27106200
35, 26028500
35, 28759100
35, 36223800
35, 25586200
35, 27070000
35, 27324900
35, 26994700
35, 26907700
35, 25017100
35, 25040000
35, 25050100
35, 25096400
35, 25157600
35, 25145600
35, 25206300
35, 25057000
35, 25124000
35, 25062000
35, 25063100
35, 25092100
35, 25114800
35, 25168600
35, 25189400
35, 26159300
35, 25554900
36, 25362900
36, 25536600
36, 25360800
36, 25756700
36, 29749900
36, 25464200
36, 25353700
36, 25597700
36, 25359400
36, 25442900
36, 25455800
36, 25408900
36, 27648400
36, 29346100
36, 25677900
36, 31229500
36, 36003300
36, 27940800
36, 28939800
36, 27042000
36, 25982800
36, 24991400
36, 25271600
36, 25122500
36, 25090700
36, 24931400
36, 24982700
36, 25002700
36, 25125000
36, 24909900
36, 25034300
36, 24900000
36, 24937200
36, 25028200
36, 25086400
36, 25153900
36, 25068700
36, 25216300
36, 24982800
36, 24949500
36, 24941300
36, 24966700
36, 25520800
36, 25523900
36, 24970400
36, 25112300
36, 25164000
36, 25016200
36, 25317300
36, 25042600
37, 25099900
37, 25612300
37, 25123200
37, 28861700
37, 28619000
37, 24872100
37, 25556300
37, 24920200
37, 25553800
37, 25399000
37, 25204600
37, 24999500
37, 24945600
37, 25018000
37, 24949200
37, 25141100
37, 25737400
37, 24977700
37, 25137900
37, 24994600
37, 25652200
37, 25008200
37, 25044700
37, 25058200
37, 25043500
37, 25131600
37, 25128400
37, 25168400
37, 25119600
37, 25005100
37, 25094700
37, 25001700
37, 25038200
37, 25090300
37, 26325200
37, 25461300
37, 26000100
37, 28932900
37, 25705700
37, 25436000
37, 29980500
37, 27673300
37, 25029600
37, 26828900
37, 27441200
37, 25265600
37, 25212400
37, 25192700
37, 27167800
37, 26101700
38, 25100000
38, 25077700
38, 25136200
38, 25079900
38, 25050300
38, 25058000
38, 25099800
38, 25801700
38, 25536700
38, 25385100
38, 26054600
38, 25501900
38, 25265200
38, 25377300
38, 25427900
38, 26195800
38, 25377900
38, 26017900
38, 25712600
38, 25396400
38, 25685000
38, 25665300
38, 26257300
38, 25781900
38, 25380500
38, 25518600
38, 25575700
38, 25403400
38, 25375800
38, 32111500
38, 31499600
38, 25955400
38, 28228000
38, 25078700
38, 25186600
38, 25217500
38, 25134800
38, 27108700
38, 25276400
38, 25109900
38, 29906200
38, 24958600
38, 24901600
38, 24964200
38, 25410900
38, 25003200
38, 25277200
38, 24886900
38, 24938900
38, 25010700
39, 24947700
39, 25781600
39, 25026800
39, 25200000
39, 25364900
39, 25279000
39, 25413400
39, 25104000
39, 25074800
39, 25091700
39, 25278000
39, 25383900
39, 25253300
39, 25120600
39, 25076000
39, 25341500
39, 25121100
39, 25072800
39, 27076000
39, 25238500
39, 25093400
39, 25093600
39, 29058800
39, 27195300
39, 25028400
39, 25212600
39, 25762900
39, 25348300
39, 25068300
39, 25058200
39, 25065900
39, 25045100
39, 25183200
39, 25208200
39, 25045300
39, 25121400
39, 25159900
39, 25159000
39, 25039000
39, 25028100
39, 27535700
39, 25025300
39, 25794400
39, 25274800
39, 25403000
39, 25906300
39, 25831800
39, 25334700
39, 25533700
39, 25342400
40, 25883600
40, 25698300
40, 25451300
40, 25427100
40, 25698000
40, 29296700
40, 25650300
40, 31780400
40, 26446400
40, 24979100
40, 24997000
40, 24914400
40, 24987300
40, 25005000
40, 25497900
40, 25792300
40, 25142900
40, 25120000
40, 25209300
40, 25181900
40, 25057800
40, 25048900
40, 25100500
40, 25246300
40, 25539600
40, 25358200
40, 25430200
40, 26004300
40, 25326000
40, 25331000
40, 25427000
40, 30421600
40, 25669600
40, 27157400
40, 27483600
40, 25913600
40, 25392700
40, 26766700
40, 25515000
40, 25886900
40, 26411800
40, 25630600
40, 25328800
40, 25474400
40, 25486000
40, 32415900
40, 28818100
40, 25553200
40, 25635500
40, 26048100
41, 26034200
41, 25370000
41, 25339800
41, 28933300
41, 25666500
41, 25541800
41, 25402300
41, 32027800
41, 25464600
41, 25347300
41, 25275600
41, 28008000
41, 29800700
41, 25468700
41, 25488600
41, 25660100
41, 25316200
41, 25353800
41, 26007600
41, 25565600
41, 29244100
41, 25353100
41, 25424700
41, 26323200
41, 25817100
41, 25434900
41, 32429600
41, 25714800
41, 26090500
41, 25480300
41, 25503800
41, 25502300
41, 25489500
41, 26665700
41, 25609200
41, 25951700
41, 25979400
41, 29513700
41, 25759000
41, 25459200
41, 25534700
41, 27089400
41, 26487700
41, 25574500
41, 25646300
41, 25390300
41, 26396200
41, 25488400
41, 25737200
41, 25593100
42, 25455800
42, 25388800
42, 25442500
42, 25431200
42, 25635500
42, 25314500
42, 25318000
42, 25507800
42, 25956400
42, 25361900
42, 25286600
42, 25380900
42, 26045000
42, 25742600
42, 28140600
42, 25884900
42, 25549700
42, 25668600
42, 25664300
42, 25484500
42, 25823300
42, 25412600
42, 30763600
42, 26111400
42, 34572800
42, 33119100
42, 30645100
42, 25616200
42, 25571800
42, 27053800
42, 26103200
42, 25017200
42, 25081800
42, 25064800
42, 25389200
42, 25192200
42, 25202200
42, 25249000
42, 25154100
42, 25125900
42, 25054400
42, 26929000
42, 29678600
42, 25191400
42, 25081600
42, 25084600
42, 25115000
42, 25216700
42, 25013500
42, 25026100
43, 25318000
43, 25192000
43, 25401600
43, 25131800
43, 25121700
43, 26606300
43, 25551500
43, 25061500
43, 25143900
43, 25129100
43, 25592600
43, 25187900
43, 25146600
43, 25091900
43, 29146500
43, 25097300
43, 25163000
43, 25042000
43, 25055600
43, 26469600
43, 25323600
43, 25081500
43, 25031800
43, 25037300
43, 25011600
43, 25116600
43, 25010400
43, 25073400
43, 25083500
43, 25134500
43, 25048700
43, 25069800
43, 25011600
43, 25181300
43, 28854200
43, 25240300
43, 25061900
43, 25124800
43, 24997800
43, 25148800
43, 25316200
43, 25235700
43, 25321900
43, 25168300
43, 24992800
43, 24952500
43, 25159700
43, 24940200
43, 24923300
43, 27583600
44, 25982600
44, 25250600
44, 25227200
44, 27731700
44, 27344200
44, 25188400
44, 25103700
44, 25544300
44, 25266800
44, 25654100
44, 25115800
44, 25004800
44, 25154300
44, 24934500
44, 25117000
44, 25212300
44, 25013700
44, 25310300
44, 25036500
44, 24994700
44, 24901100
44, 25021400
44, 25930300
44, 25176900
44, 25111100
44, 25169000
44, 25064100
44, 25123000
44, 25138400
44, 25093300
44, 25064000
44, 25169900
44, 25633900
44, 29953000
44, 25013000
44, 24966800
44, 25764900
44, 25043300
44, 25758400
44, 25185900
44, 25200200
44, 25125300
44, 24997900
44, 25044800
44, 24995500
44, 24911000
44, 25827200
44, 27642800
44, 25876200
44, 25039200
45, 25101200
45, 25162100
45, 25055200
45, 24931000
45, 26026100
45, 25038300
45, 25096200
45, 25020100
45, 25562900
45, 25215100
45, 24938800
45, 24919600
45, 24896200
45, 25052300
45, 24899500
45, 24905900
45, 24935000
45, 24921600
45, 24995800
45, 24924700
45, 24899900
45, 25565700
45, 26057800
45, 25855800
45, 25428700
45, 28295200
45, 25843600
45, 25329100
45, 31680100
45, 26562800
45, 25135000
45, 25007600
45, 25321800
45, 24956900
45, 24993600
45, 24956200
45, 25781100
45, 25130700
45, 25115800
45, 25130400
45, 25103500
45, 25146100
45, 25085200
45, 25231500
45, 25022800
45, 25127500
45, 25103000
45, 25111400
45, 25104600
45, 25151000
46, 25035700
46, 25328400
46, 25017300
46, 25255500
46, 25074700
46, 25072200
46, 25523600
46, 25179300
46, 25147000
46, 25038800
46, 25007000
46, 25738100
46, 25220200
46, 25096000
46, 25229700
46, 24939200
46, 25111700
46, 25857100
46, 25101400
46, 24967800
46, 25201500
46, 25338500
46, 25065600
46, 24944800
46, 25409200
46, 25443800
46, 28912600
46, 25088600
46, 25249100
46, 25104300
46, 25071500
46, 25146800
46, 25102300
46, 25476600
46, 25177600
46, 25308800
46, 25149400
46, 25138200
46, 25237800
46, 25006400
46, 25176500
46, 25096400
46, 25864600
46, 25096800
46, 25725300
46, 25658400
46, 25056500
46, 25227800
46, 25087600
46, 25083000
47, 29197200
47, 25521000
47, 25145700
47, 25354300
47, 25481300
47, 25023300
47, 25398500
47, 27249300
47, 25554300
47, 25100700
47, 25104100
47, 25284000
47, 25085900
47, 24991200
47, 25072400
47, 25672200
47, 25564800
47, 25057700
47, 25052500
47, 25149200
47, 25071600
47, 25267800
47, 25138500
47, 25141900
47, 25768900
47, 25607500
47, 25456300
47, 25497800
47, 25515600
47, 25369000
47, 25819800
47, 25578800
47, 25385200
47, 25547000
47, 25576500
47, 25380900
47, 25319200
47, 25791100
47, 25488600
47, 25397700
47, 25853600
47, 25856700
47, 25936700
47, 25585900
47, 25325400
47, 26026000
47, 31015400
47, 27092900
47, 25017800
47, 24957100
48, 25217700
48, 29115600
48, 25091600
48, 25165900
48, 26652100
48, 25157200
48, 25013800
48, 25276100
48, 25053500
48, 25083400
48, 25034900
48, 25145900
48, 25127100
48, 26318600
48, 25318600
48, 25314700
48, 25923100
48, 25373900
48, 25478500
48, 25354000
48, 25700600
48, 28581300
48, 25505900
48, 25309700
48, 25513900
48, 25391600
48, 25352000
48, 28442400
48, 25470200
48, 25443900
48, 26281100
48, 25352500
48, 25451900
48, 25378900
48, 29484200
48, 27389600
48, 26862700
48, 25417200
48, 25443800
48, 27888400
48, 25461800
48, 29757500
48, 26947800
48, 25742600
48, 25459200
48, 25386400
48, 25556800
48, 25998800
48, 34623500
48, 29460300
49, 25785700
49, 24984700
49, 25721200
49, 24993500
49, 25021200
49, 25040300
49, 25140100
49, 25913200
49, 24989200
49, 25965900
49, 24973000
49, 25129500
49, 25060800
49, 25096000
49, 25003200
49, 25064100
49, 25749300
49, 25757300
49, 25420700
49, 26239000
49, 25610300
49, 25430000
49, 26504500
49, 38375600
49, 26014700
49, 28778400
49, 27925800
49, 30096800
49, 26694400
49, 27208000
49, 26318100
49, 33633400
49, 25755500
49, 25096600
49, 25014200
49, 25030200
49, 24982400
49, 25057700
49, 25437000
49, 24930700
49, 24995600
49, 24929000
49, 25843000
49, 24979400
49, 25077900
49, 25039200
49, 25647200
49, 25902800
49, 25409300
49, 25372000
50, 25486700
50, 25421800
50, 25607600
50, 25322400
50, 30262300
50, 25530200
50, 25487700
50, 25387700
50, 26280200
50, 25830000
50, 29874600
50, 26805900
50, 25037200
50, 24992100
50, 27987700
50, 27313200
50, 25135100
50, 25274300
50, 26212600
50, 25890800
50, 25145300
50, 25119800
50, 25259300
50, 25203200
50, 25122500
50, 25074900
50, 25176500
50, 26249700
50, 25491000
50, 25593800
50, 25387200
50, 25416000
50, 25738100
50, 25542600
50, 25405900
50, 25325600
50, 25395700
50, 25457900
50, 25330500
50, 25629100
50, 25324300
50, 25460000
50, 25386100
50, 25365200
50, 32540300
50, 25930900
50, 25468800
50, 27576900
50, 25661400
50, 31171900
51, 25896100
51, 25007800
51, 25083700
51, 27528500
51, 27921000
51, 25163900
51, 25665000
51, 25626100
51, 25228300
51, 25051800
51, 25042300
51, 25126300
51, 25037800
51, 29228200
51, 25051900
51, 25233000
51, 25249100
51, 25053400
51, 25053700
51, 25375100
51, 25067000
51, 27565000
51, 25105600
51, 25106100
51, 25049000
51, 25309700
51, 25129200
51, 25090900
51, 25220100
51, 25017300
51, 25235200
51, 25956600
51, 25534900
51, 25423500
51, 25527100
51, 25615800
51, 25457300
51, 26878900
51, 30977300
51, 25936900
51, 25655300
51, 26572700
51, 29220700
51, 27462400
51, 25682900
51, 27008500
51, 29288400
51, 25511700
51, 25403900
51, 25340700
52, 25442600
52, 25577900
52, 25425200
52, 25719200
52, 25465400
52, 25400400
52, 26051900
52, 25496600
52, 25457800
52, 25352000
52, 25326500
52, 25402800
52, 25471900
52, 30665900
52, 25409600
52, 25749800
52, 25431300
52, 25505100
52, 25343300
52, 25341400
52, 25584600
52, 25402600
52, 25407700
52, 25443100
52, 25361300
52, 26023000
52, 30370300
52, 26062000
52, 25635200
52, 25399100
52, 26091500
52, 25615200
52, 34072800
52, 25454000
52, 27191500
52, 26041300
52, 25081400
52, 25027200
52, 25273300
52, 25062300
52, 25347000
52, 25073200
52, 25064400
52, 25146700
52, 25190200
52, 25675100
52, 25116000
52, 25065800
52, 25144900
52, 25155200
53, 25408100
53, 25105600
53, 25037700
53, 26015500
53, 26208700
53, 24994900
53, 24915500
53, 24913600
53, 25765700
53, 29529300
53, 24974500
53, 24964200
53, 25108400
53, 25045700
53, 25035100
53, 27578400
53, 25244400
53, 25159800
53, 25239400
53, 28934100
53, 25078900
53, 27508900
53, 25022500
53, 25528500
53, 25362900
53, 25106700
53, 25121300
53, 25046800
53, 25285700
53, 25221800
53, 25748700
53, 24949200
53, 24885000
53, 24902000
53, 24968700
53, 28829600
53, 25044500
53, 24997800
53, 25648200
53, 25179300
53, 28664200
53, 25075600
53, 25323300
53, 25034000
53, 25031400
53, 25054400
53, 25186500
53, 24990700
53, 25862800
53, 25340400
54, 25540900
54, 25484500
54, 25322300
54, 25575400
54, 30895900
54, 25771100
54, 28184700
54, 27544000
54, 25544200
54, 29371000
54, 25795400
54, 25716900
54, 27336500
54, 25669900
54, 25394800
54, 25830400
54, 25468000
54, 25434900
54, 25487900
54, 25368300
54, 25926700
54, 25463000
54, 25294700
54, 25619600
54, 25987300
54, 25436800
54, 25438800
54, 26337700
54, 25425500
54, 25568700
54, 25270300
54, 25428000
54, 25717300
54, 25427000
54, 25349100
54, 25434500
54, 25560000
54, 25311700
54, 36046300
54, 25513600
54, 25489400
54, 25357200
54, 29012200
54, 30538200
54, 25446500
54, 24909100
54, 24996700
54, 25117800
54, 25221500
54, 25156600
55, 24977600
55, 25919200
55, 25174900
55, 25666800
55, 24971200
55, 25107600
55, 24921900
55, 24934100
55, 25608700
55, 25145800
55, 25013500
55, 25207700
55, 25031500
55, 25252400
55, 25036000
55, 25202200
55, 25049700
55, 25143600
55, 25092000
55, 25005900
55, 25078700
55, 25047000
55, 25032800
55, 25133600
55, 25495600
55, 27030100
55, 25371100
55, 25600100
55, 25344400
55, 25754900
55, 25387200
55, 30570600
55, 26015500
55, 26179600
55, 25734400
55, 25491500
55, 28461600
55, 29518700
55, 26207200
55, 27096200
55, 26154000
55, 25524800
55, 25392400
55, 25473400
55, 25496100
55, 25457200
55, 25339700
55, 25270200
55, 25463100
55, 25300800
56, 25404100
56, 25515800
56, 25882300
56, 26006400
56, 28291400
56, 25411700
56, 26233500
56, 32788500
56, 27958900
56, 25406400
56, 25441200
56, 26296400
56, 25408400
56, 25637100
56, 24938200
56, 24900000
56, 24865100
56, 24906000
56, 25083100
56, 28118800
56, 26413200
56, 25054300
56, 25811200
56, 26275600
56, 25937800
56, 25341800
56, 25818900
56, 25893100
56, 26449000
56, 25099900
56, 25095500
56, 25132400
56, 25132600
56, 25121000
56, 25105100
56, 25204300
56, 25313000
56, 25496200
56, 25524700
56, 25366100
56, 25327300
56, 25119400
56, 25144100
56, 25983000
56, 24915400
56, 25020100
56, 25025000
56, 26276100
56, 25270300
56, 25317400
57, 25548400
57, 25086400
57, 25237400
57, 25166500
57, 25066200
57, 24995500
57, 25069300
57, 25026500
57, 25016100
57, 26196600
57, 25306000
57, 25565300
57, 25339600
57, 25286500
57, 25082500
57, 25158100
57, 25120200
57, 26374700
57, 25377200
57, 25304300
57, 25123000
57, 25024600
57, 25092000
57, 25026700
57, 25097900
57, 25119700
57, 25199300
57, 25017200
57, 25208200
57, 25702200
57, 25013500
57, 24998600
57, 25080800
57, 25682600
57, 25055000
57, 25031400
57, 25011800
57, 25003600
57, 25057200
57, 28916600
57, 25045300
57, 26009700
57, 26999000
57, 25688300
57, 25598500
57, 25493800
57, 25475300
57, 25817300
57, 30744700
57, 25740400
58, 25510800
58, 25735600
58, 30574500
58, 26236900
58, 26084700
58, 25458200
58, 31100700
58, 25305400
58, 25321500
58, 24950800
58, 26747700
58, 27264400
58, 24963100
58, 25069500
58, 25098600
58, 24927100
58, 24903900
58, 25064900
58, 25033500
58, 24907200
58, 24933800
58, 24994600
58, 25749100
58, 25469100
58, 28368000
58, 25478900
58, 26418000
58, 26794600
58, 34956100
58, 25541900
58, 26691200
58, 31894500
58, 33848900
58, 26610200
58, 25579500
58, 27442400
58, 33695600
58, 28087400
58, 25128800
58, 25999500
58, 25287000
58, 25954100
58, 25819800
58, 25982200
58, 25438400
58, 25291400
58, 25054600
58, 25075200
58, 26031300
58, 24977500
59, 25082200
59, 24996800
59, 26683800
59, 27139700
59, 24897600
59, 24923600
59, 24996000
59, 25527000
59, 25004700
59, 25055400
59, 25849900
59, 25121200
59, 25028400
59, 25002700
59, 26061400
59, 24981200
59, 25006500
59, 25117500
59, 25847500
59, 31728200
59, 25538200
59, 25398300
59, 25404200
59, 26694200
59, 32640500
59, 25986400
59, 25101100
59, 25020200
59, 25079200
59, 25118100
59, 30253800
59, 29184800
59, 26174200
59, 26045600
59, 24982100
59, 25143800
59, 25112600
59, 25163000
59, 25127200
59, 25931300
59, 26172300
59, 25861300
59, 25644300
59, 25423400
59, 25584500
59, 25644500
59, 25703600
59, 25585900
59, 25724600
59, 25659000
60, 31159500
60, 36436300
60, 25703200
60, 25608600
60, 25428200
60, 25423500
60, 25017600
60, 24949600
60, 24938500
60, 24918700
60, 25304300
60, 25870300
60, 25361600
60, 25158900
60, 25410700
60, 25084400
60, 25135300
60, 28802300
60, 29862300
60, 34301800
60, 32773900
60, 29046600
60, 29270300
60, 25170100
60, 28930100
60, 25223800
60, 25889700
60, 29138000
60, 25146600
60, 25081900
60, 25206000
60, 25177300
60, 25054300
60, 25023500
60, 25070700
60, 26081200
60, 26259600
60, 25506600
60, 26204700
60, 29025100
60, 25578400
60, 25514600
60, 26933800
60, 25526400
60, 29618900
60, 29567500
60, 25756800
60, 25417200
60, 25791200
60, 30871300
61, 25716100
61, 24923200
61, 24944000
61, 25057200
61, 25046100
61, 25006900
61, 25014500
61, 26378000
61, 25165300
61, 25728300
61, 25315000
61, 25820100
61, 26072200
61, 29245000
61, 25165200
61, 25033900
61, 25283400
61, 25035100
61, 25038400
61, 25141500
61, 25082900
61, 26127500
61, 25049200
61, 25067700
61, 25082600
61, 24983600
61, 25410100
61, 25177300
61, 25044500
61, 25078200
61, 25084400
61, 25276200
61, 25883300
61, 25814900
61, 25359900
61, 25441900
61, 25576000
61, 26193200
61, 30734600
61, 26353600
61, 25662100
61, 25891700
61, 25508600
61, 36329400
61, 29311000
61, 38508100
61, 26563100
61, 25002700
61, 25071800
61, 25000700
62, 24980500
62, 25802700
62, 25190000
62, 24997300
62, 25072600
62, 25058200
62, 25028300
62, 25050200
62, 25042600
62, 25055400
62, 25785300
62, 24879800
62, 25230700
62, 25428100
62, 25760000
62, 25418700
62, 26046300
62, 25482200
62, 25855500
62, 25333700
62, 25641300
62, 25295900
62, 25327100
62, 25396600
62, 26862900
62, 25659700
62, 31626900
62, 26812700
62, 25670400
62, 25430900
62, 26075500
62, 26821400
62, 25288100
62, 25677200
62, 25643300
62, 25641100
62, 25449700
62, 25121700
62, 25608000
62, 25051100
62, 25056200
62, 25111600
62, 25177900
62, 25098200
62, 25202700
62, 25086800
62, 25042200
62, 25134300
62, 25190400
62, 25072000
63, 25024100
63, 25096000
63, 26020800
63, 24991300
63, 25082300
63, 25088400
63, 25084500
63, 24936100
63, 30533100
63, 25453400
63, 25594800
63, 28517800
63, 25536800
63, 25395500
63, 28638600
63, 31270900
63, 25836400
63, 25027700
63, 25167800
63, 25608500
63, 25006900
63, 25108300
63, 25055400
63, 25899500
63, 25371600
63, 25252800
63, 25186300
63, 25132500
63, 25582700
63, 25043900
63, 25149000
63, 25467700
63, 25006200
63, 24973200
63, 24956200
63, 25029400
63, 25935500
63, 24913500
63, 25098100
63, 25028900
63, 25151500
63, 25032100
63, 25234200
63, 25069700
63, 25100100
63, 25597900
63, 25175900
63, 25133800
63, 25904000
63, 25344100
64, 29423700
64, 26097700
64, 25347800
64, 25305000
64, 31051500
64, 25888000
64, 25613400
64, 36805100
64, 25564300
64, 25425400
64, 25509700
64, 27854900
64, 26585100
64, 25914200
64, 26049900
64, 25480800
64, 25343100
64, 26047600
64, 25451900
64, 25462300
64, 25689500
64, 25461100
64, 25400000
64, 25443500
64, 25587700
64, 25868200
64, 25373800
64, 25530100
64, 25456000
64, 25447100
64, 25754500
64, 25264200
64, 25417800
64, 25297200
64, 25952000
64, 25554700
64, 25604800
64, 25732800
64, 25315200
64, 25501900
64, 25279900
64, 25291400
64, 26706600
64, 28488800
64, 25570200
64, 25487400
64, 25509600
64, 25445500
64, 25724200
64, 29147600
65, 28577200
65, 30835300
65, 27295000
65, 25739800
65, 25636900
65, 25555800
65, 25676200
65, 25656600
65, 26557500
65, 32260200
65, 25394100
65, 25548500
65, 25420500
65, 25512400
65, 25583500
65, 25540200
65, 26419000
65, 26155600
65, 26186800
65, 26797400
65, 25912100
65, 25446200
65, 25922600
65, 26007900
65, 25791000
65, 25434500
65, 25466900
65, 29406800
65, 25487900
65, 25475600
65, 29105900
65, 27735000
65, 26379700
65, 26291700
65, 29253800
65, 25609200
65, 25539400
65, 25541600
65, 27795200
65, 25695900
65, 28778000
65, 25610600
65, 26054500
65, 29629200
65, 26694000
65, 25962300
65, 25606100
65, 25619400
65, 25495900
65, 25501100
66, 25681800
66, 25572400
66, 25536800
66, 25605700
66, 25594300
66, 25840800
66, 25489800
66, 26005400
66, 25593200
66, 26903400
66, 25566700
66, 25568000
66, 26219100
66, 25819600
66, 25558300
66, 25507100
66, 25606700
66, 25646500
66, 26666300
66, 26202000
66, 25645100
66, 25746900
66, 25591200
66, 25429200
66, 25481100
66, 25595100
66, 27121000
66, 29972000
66, 25360200
66, 26000100
66, 26103200
66, 25956600
66, 25533100
66, 25956500
66, 25455400
66, 29700900
66, 25593900
66, 25561400
66, 25469100
66, 25537500
66, 25546800
66, 25689200
66, 25824400
66, 25811100
66, 25430200
66, 25614200
66, 25488300
66, 25521100
66, 25363400
66, 25548500
67, 25508000
67, 26297900
67, 25722300
67, 25590600
67, 25765700
67, 25479100
67, 25451500
67, 34320400
67, 31784500
67, 26693400
67, 25420700
67, 25422400
67, 24954100
67, 24855300
67, 25878400
67, 25195700
67, 25736200
67, 25081600
67, 25394100
67, 25227400
67, 25125800
67, 25150800
67, 25095400
67, 25457900
67, 25074800
67, 25115500
67, 25131100
67, 25085400
67, 25154400
67, 25041100
67, 25094900
67, 25126000
67, 25057500
67, 25063100
67, 25147700
67, 25085700
67, 25169400
67, 25050700
67, 25253700
67, 25545900
67, 26352400
67, 25545300
67, 25586000
67, 25468300
67, 25468400
67, 25421100
67, 27554900
67, 25681300
67, 29864700
67, 25562700
68, 25695100
68, 33290800
68, 25685200
68, 31155300
68, 27301300
68, 25012100
68, 27038100
68, 25824400
68, 27812600
68, 27376900
68, 30267300
68, 26430900
68, 26324500
68, 27172900
68, 25730700
68, 33872300
68, 25255100
68, 25137200
68, 25842800
68, 25342300
68, 25189900
68, 25050800
68, 25144200
68, 25350900
68, 25032200
68, 25086100
68, 25051800
68, 25430500
68, 25540900
68, 26062000
68, 25490000
68, 25566400
68, 25475700
68, 31952000
68, 27043100
68, 26207100
68, 26576600
68, 25552500
68, 45027800
68, 31724000
68, 29956800
68, 25862400
68, 25831300
68, 25577800
68, 25415800
68, 25583500
68, 25563300
68, 25297000
68, 25238900
68, 25806000
69, 25094100
69, 25039300
69, 25011100
69, 25058500
69, 25061900
69, 25046300
69, 25029900
69, 25441300
69, 26023300
69, 25625300
69, 26324500
69, 25644700
69, 25675300
69, 25529500
69, 25642200
69, 25836200
69, 25518700
69, 26049000
69, 25517900
69, 26004800
69, 25472500
69, 35892700
69, 25638600
69, 25541500
69, 25160500
69, 25395600
69, 25243200
69, 25522300
69, 26248500
69, 26288100
69, 28785800
69, 26083600
69, 25149500
69, 25087400
69, 25593000
69, 25621300
69, 25212700
69, 25197800
69, 25786600
69, 26489600
69, 26085600
69, 25140800
69, 25042900
69, 25921400
69, 24959700
69, 24939100
69, 24897600
69, 25016400
69, 25004900
69, 25014400
70, 24916100
70, 24938800
70, 24984600
70, 25925400
70, 25594800
70, 26005800
70, 29352500
70, 25538700
70, 25522500
70, 37105100
70, 28450300
70, 25367900
70, 25327600
70, 25189500
70, 25469500
70, 29170900
70, 25239000
70, 27686300
70, 25279400
70, 27883400
70, 25656300
70, 25097000
70, 25204500
70, 25942500
70, 28223500
70, 25204300
70, 25021800
70, 26860700
70, 25308700
70, 26585300
70, 24961500
70, 25357200
70, 25537800
70, 25078300
70, 25091900
70, 24991300
70, 25253600
70, 25008200
70, 25904800
70, 25050300
70, 26946100
70, 25156100
70, 25158900
70, 25104100
70, 25476500
70, 26128500
70, 25266800
70, 25070800
70, 27806000
70, 28346900
71, 28020500
71, 28522700
71, 26442700
71, 25714400
71, 29889300
71, 30978200
71, 32413400
71, 25369100
71, 25316900
71, 25045200
71, 25085700
71, 25052600
71, 24926400
71, 26111200
71, 25601900
71, 25425300
71, 25815200
71, 25000700
71, 24942000
71, 25279800
71, 25018700
71, 25129600
71, 25309300
71, 24969900
71, 26798500
71, 26517600
71, 25137300
71, 25086300
71, 25178200
71, 25163700
71, 25187600
71, 25176600
71, 25090300
71, 25100500
71, 25172200
71, 25131000
71, 26874300
71, 25093800
71, 24989800
71, 24943700
71, 26093700
71, 25114600
71, 25133200
71, 25206700
71, 25591100
71, 25292800
71, 25332400
71, 25382000
71, 25082500
71, 25055400
72, 25100100
72, 25027400
72, 25327100
72, 25086000
72, 25252900
72, 25770900
72, 25123100
72, 25323300
72, 25220400
72, 25081400
72, 25173500
72, 25175900
72, 25218600
72, 25306800
72, 25068000
72, 25135500
72, 25078800
72, 25849100
72, 25238100
72, 25600400
72, 25063500
72, 25053400
72, 25130500
72, 25046000
72, 25169800
72, 25051400
72, 26699900
72, 25371500
72, 25171100
72, 25103000
72, 25067000
72, 25267300
72, 25218200
72, 25173500
72, 25532700
72, 25379900
72, 25203600
72, 27835200
72, 25044900
72, 25012800
72, 24995900
72, 24995600
72, 24896900
72, 25280700
72, 25467500
72, 24952500
72, 25170900
72, 24892600
72, 25097200
72, 24903600
73, 25044200
73, 25042100
73, 25064000
73, 24928300
73, 24861000
73, 26760700
73, 25237500
73, 25146800
73, 25102900
73, 25141500
73, 25457100
73, 24842200
73, 24907400
73, 24875100
73, 25112500
73, 25946500
73, 26389500
73, 25166400
73, 25115400
73, 25096600
73, 25147500
73, 25151100
73, 28075300
73, 25656300
73, 25348700
73, 25177900
73, 25168100
73, 25413300
73, 25052300
73, 25255000
73, 25095000
73, 25101400
73, 25267200
73, 25037200
73, 25158000
73, 25770800
73, 25086400
73, 25201400
73, 25045200
73, 25243600
73, 25095900
73, 25063100
73, 25080900
73, 25092500
73, 25083500
73, 25036100
73, 25261900
73, 25182600
73, 25075700
73, 25244500
74, 25022600
74, 25260500
74, 25079900
74, 25158600
74, 26026000
74, 26394900
74, 25601400
74, 25147300
74, 25067600
74, 25223000
74, 25005800
74, 24892400
74, 24900600
74, 25646500
74, 25070200
74, 25092800
74, 25043200
74, 25135100
74, 25103100
74, 25233800
74, 25053800
74, 25153000
74, 25161400
74, 25523300
74, 24882400
74, 25525600
74, 24887200
74, 24905600
74, 24949500
74, 25010500
74, 25077600
74, 25056000
74, 24918900
74, 24940000
74, 25024100
74, 25067200
74, 25016300
74, 25157500
74, 25213200
74, 25701100
74, 26082300
74, 26564700
74, 25523700
74, 26043500
74, 31225000
74, 26375300
74, 25599200
74, 25507800
74, 25663400
74, 38110300
75, 35131000
75, 27215700
75, 25899800
75, 25517900
75, 26235000
75, 29113400
75, 26145500
75, 25332800
75, 25164400
75, 25283300
75, 25559300
75, 26024300
75, 28524500
75, 25083000
75, 25822700
75, 25225300
75, 25107800
75, 25056300
75, 25241800
75, 25036200
75, 25204600
75, 25118800
75, 25096700
75, 25934100
75, 25043900
75, 25035700
75, 25669300
75, 25046700
75, 25044000
75, 26612300
75, 25193500
75, 25163700
75, 26246200
75, 25294600
75, 25665200
75, 25062800
75, 25218900
75, 25236300
75, 25042500
75, 25676700
75, 28195200
75, 25585000
75, 25315100
75, 25026100
75, 25164900
75, 25088600
75, 25253900
75, 25353800
75, 25074000
75, 25139700
76, 25041600
76, 25008500
76, 25405500
76, 25022500
76, 25653300
76, 25112700
76, 24954200
76, 25032200
76, 25102400
76, 26117900
76, 24964700
76, 25104000
76, 25029700
76, 25182300
76, 25083400
76, 25226100
76, 25781300
76, 25673000
76, 29589900
76, 29195200
76, 25492300
76, 33150200
76, 34224100
76, 26183200
76, 24947500
76, 25267100
76, 25507500
76, 25947700
76, 26650600
76, 25388400
76, 25742300
76, 25198800
76, 25214200
76, 25081600
76, 25157300
76, 25261600
76, 25107900
76, 25063200
76, 24918400
76, 24920100
76, 25000800
76, 26027200
76, 25070400
76, 25665900
76, 25157900
76, 25092600
76, 25020900
76, 25007800
76, 25157600
76, 25146800
77, 25039000
77, 25006800
77, 25148200
77, 25117000
77, 25158900
77, 25073800
77, 25151800
77, 25017900
77, 25123400
77, 25009000
77, 25714400
77, 25242600
77, 25251500
77, 25172200
77, 25120000
77, 25238600
77, 25144600
77, 25101700
77, 25763100
77, 25193700
77, 25554800
77, 24985400
77, 25053600
77, 28717500
77, 24966300
77, 24949500
77, 25153100
77, 25145400
77, 27751100
77, 25061200
77, 25036100
77, 25402900
77, 24983400
77, 25112500
77, 25374700
77, 25068200
77, 25309100
77, 25011300
77, 25949800
77, 25918900
77, 25148100
77, 24958100
77, 25110600
77, 25043900
77, 25591200
77, 25121600
77, 26299600
77, 24969500
77, 25619100
77, 25768600
78, 26538000
78, 25242700
78, 25076500
78, 25234900
78, 25179600
78, 25094100
78, 25125300
78, 25074300
78, 25770800
78, 25242500
78, 25132500
78, 25057600
78, 25058500
78, 25108400
78, 25050800
78, 25067200
78, 25061900
78, 25264700
78, 28936600
78, 26006000
78, 25095500
78, 25697000
78, 24915300
78, 25436000
78, 24997500
78, 25237600
78, 25145800
78, 25043100
78, 25064500
78, 24925900
78, 24867500
78, 25109300
78, 28522600
78, 25137700
78, 26055300
78, 25123800
78, 24955000
78, 24930100
78, 25080900
78, 26176500
78, 25070900
78, 25040900
78, 25022100
78, 26424300
78, 24977700
78, 25187000
78, 24913000
78, 25449500
78, 25102000
78, 27469900
79, 25016800
79, 25146000
79, 25082600
79, 25169900
79, 25092200
79, 25155800
79, 25048600
79, 25062100
79, 25153100
79, 25022700
79, 25063700
79, 25081800
79, 25312400
79, 25053400
79, 25402300
79, 25352200
79, 25020000
79, 25037900
79, 25158900
79, 25253600
79, 25123900
79, 25005900
79, 25133400
79, 25137700
79, 25231700
79, 25180600
79, 25069300
79, 25033200
79, 26760800
79, 25243500
79, 25462100
79, 25206800
79, 25198100
79, 25023700
79, 25217900
79, 25526100
79, 25854500
79, 29142800
79, 24989400
79, 25047600
79, 25033000
79, 25285000
79, 25537800
79, 25102700
79, 25054200
79, 28566900
79, 25009400
79, 25171800
79, 25356800
79, 25209600
80, 25257300
80, 25234700
80, 25351100
80, 28584200
80, 25784800
80, 25352700
80, 25294200
80, 26098800
80, 25167800
80, 25535600
80, 25363100
80, 27712500
80, 25205600
80, 25150100
80, 25025700
80, 25081800
80, 25078000
80, 25592800
80, 25184600
80, 25133800
80, 24905200
80, 24950200
80, 24886100
80, 24905700
80, 25547600
80, 25059100
80, 25770500
80, 25106900
80, 25015700
80, 24890200
80, 24948300
80, 29297300
80, 24931600
80, 25088600
80, 28970200
80, 25034600
80, 25038700
80, 25053400
80, 25276100
80, 25066300
80, 25052700
80, 25490900
80, 25377600
80, 25170000
80, 25146500
80, 25511100
80, 24958900
80, 25142000
80, 24941600
80, 24937800
81, 25058500
81, 24976600
81, 25088900
81, 24882800
81, 29715000
81, 25162600
81, 24934300
81, 26761900
81, 25649600
81, 25028400
81, 24989500
81, 25003200
81, 30288700
81, 26041400
81, 25114100
81, 25251600
81, 25456800
81, 25640500
81, 25094900
81, 25116200
81, 25066400
81, 25411200
81, 25113800
81, 25360200
81, 25065100
81, 25100600
81, 25237000
81, 25106000
81, 25059700
81, 25013800
81, 25048900
81, 25950100
81, 26562000
81, 25953200
81, 25676400
81, 25778600
81, 25522300
81, 26130300
81, 25483300
81, 25678400
81, 25849900
81, 25459100
81, 25366700
81, 25627700
81, 25602000
81, 25532500
81, 29625000
81, 26448500
81, 26081400
81, 25707500
82, 25553000
82, 27931200
82, 29393600
82, 27867700
82, 29275900
82, 25365300
82, 27687100
82, 25414100
82, 25358900
82, 25876700
82, 24882700
82, 24962000
82, 24896300
82, 24920500
82, 24919400
82, 24889000
82, 25227800
82, 24915800
82, 25102300
82, 24991600
82, 25294100
82, 26548800
82, 25860100
82, 26033000
82, 25509100
82, 25595600
82, 29957100
82, 25534300
82, 25661100
82, 26223000
82, 25606000
82, 29899900
82, 25624900
82, 26176100
82, 30669200
82, 25627700
82, 25942400
82, 25469300
82, 25634700
82, 25564400
82, 25718000
82, 26061300
82, 27663800
82, 25743800
82, 26055800
82, 25613000
82, 26188500
82, 25730500
82, 25666500
82, 25666200
83, 25528100
83, 25489100
83, 25640400
83, 25684400
83, 25475000
83, 25768400
83, 25577400
83, 26035500
83, 25493700
83, 25879800
83, 26281600
83, 25543000
83, 26203600
83, 25802900
83, 26047100
83, 25557400
83, 25722600
83, 25471400
83, 26163000
83, 25523800
83, 25620300
83, 25524200
83, 25574100
83, 26841400
83, 25652600
83, 25466400
83, 25683100
83, 25503700
83, 25422100
83, 25623300
83, 26001600
83, 27631800
83, 25847800
83, 25440600
83, 25712500
83, 25563000
83, 25457000
83, 38924000
83, 25572600
83, 25438500
83, 25274500
83, 25279200
83, 26230200
83, 24961700
83, 24809100
83, 24830800
83, 24856900
83, 24898000
83, 25687900
83, 24941300
84, 25549600
84, 25844200
84, 24928300
84, 24887800
84, 25205600
84, 25074000
84, 25055100
84, 25154900
84, 25096100
84, 25033200
84, 25095600
84, 25854100
84, 26252800
84, 25208300
84, 25107100
84, 24940000
84, 25350100
84, 24945200
84, 25270100
84, 24970600
84, 26408300
84, 25797600
84, 24958200
84, 25063800
84, 24962700
84, 25536400
84, 24926200
84, 24946600
84, 25598300
84, 24959100
84, 24987600
84, 24952700
84, 24962000
84, 24924000
84, 24875500
84, 24931600
84, 25541700
84, 25816300
84, 25434700
84, 26488200
84, 26080800
84, 26085400
84, 25823200
84, 25536400
84, 25866100
84, 25687200
84, 28373700
84, 25578600
84, 25554400
84, 25519000
85, 25406200
85, 28844800
85, 26291400
85, 25661200
85, 29237800
85, 25442700
85, 25806500
85, 25575300
85, 34756000
85, 26733300
85, 27493100
85, 25557800
85, 25342000
85, 25222400
85, 25128600
85, 25219000
85, 25286000
85, 25432300
85, 25100000
85, 24905500
85, 25893100
85, 25073500
85, 25556900
85, 25091700
85, 24999300
85, 25052600
85, 25044900
85, 24880900
85, 24932300
85, 24984100
85, 25455200
85, 25032300
85, 24999200
85, 25106800
85, 24927600
85, 24878600
85, 24955400
85, 24965000
85, 25003800
85, 26936100
85, 25212200
85, 25087600
85, 25038900
85, 25006900
85, 24964200
85, 24983500
85, 25000200
85, 25379100
85, 25786400
85, 25013700
86, 25175700
86, 28156300
86, 25016800
86, 25042900
86, 25122700
86, 25111400
86, 25172900
86, 25282500
86, 25109100
86, 24970000
86, 25062600
86, 24934000
86, 24920500
86, 24920800
86, 25063400
86, 25367500
86, 25605300
86, 24984300
86, 25600600
86, 26193600
86, 25141600
86, 25061900
86, 25117500
86, 25193900
86, 25174600
86, 25128700
86, 25017200
86, 25075800
86, 25072200
86, 26010400
86, 25198300
86, 25042800
86, 25168300
86, 25092900
86, 25092900
86, 25077000
86, 25085200
86, 26938200
86, 25200800
86, 25109600
86, 25118600
86, 25133300
86, 25049100
86, 25222100
86, 25165600
86, 25149000
86, 25894900
86, 24967400
86, 25213500
86, 24952700
87, 24885200
87, 24902300
87, 24926500
87, 25188900
87, 24961100
87, 25200100
87, 24950400
87, 24915000
87, 25328400
87, 24924700
87, 25053800
87, 25063400
87, 25171400
87, 25069500
87, 25011200
87, 25092300
87, 27554800
87, 27618000
87, 26508700
87, 25689300
87, 27790400
87, 25002700
87, 26233600
87, 26173100
87, 26350300
87, 25245800
87, 26008200
87, 25019800
87, 29310500
87, 25095600
87, 29682400
87, 24900500
87, 25580300
87, 24972600
87, 24999300
87, 28429200
87, 25053700
87, 25086400
87, 24942400
87, 24970800
87, 24981000
87, 24867100
87, 25190900
87, 25498900
87, 26088100
87, 24999000
87, 25057600
87, 25107200
87, 25748700
87, 25864200
88, 25692400
88, 25186500
88, 25066300
88, 25334500
88, 25112400
88, 25124100
88, 25068100
88, 25747000
88, 25275300
88, 25109000
88, 25077600
88, 25086100
88, 25105000
88, 25157200
88, 25184100
88, 25045400
88, 27587900
88, 25231700
88, 25057800
88, 27413800
88, 25190400
88, 25079900
88, 25158300
88, 29721000
88, 25086100
88, 24933100
88, 24968700
88, 25155700
88, 25755400
88, 24986700
88, 25064000
88, 25035600
88, 25079100
88, 24995500
88, 24998700
88, 25005000
88, 25200200
88, 25176700
88, 25349700
88, 25231700
88, 25622200
88, 25652500
88, 25197200
88, 25041800
88, 25038300
88, 25045900
88, 26968200
88, 25433800
88, 25132400
88, 25176600
89, 25216800
89, 25027200
89, 25055000
89, 25337300
89, 25582900
89, 25660300
89, 25196500
89, 25109500
89, 25036700
89, 24995300
89, 24968700
89, 25754000
89, 25271200
89, 25272800
89, 25225200
89, 25135000
89, 25069800
89, 25092100
89, 25124500
89, 25096200
89, 25082400
89, 25029400
89, 25107600
89, 25167400
89, 25033600
89, 25180300
89, 25162600
89, 25174000
89, 25735900
89, 25033700
89, 26102200
89, 26231400
89, 25589600
89, 25430900
89, 25568700
89, 25678100
89, 28152100
89, 27109200
89, 25616100
89, 26279900
89, 25550500
89, 25672700
89, 25501900
89, 25469500
89, 31329900
89, 25969700
89, 25510100
89, 26174700
89, 29816700
89, 25651100
90, 26171200
90, 29794600
90, 25573800
90, 25555200
90, 33240800
90, 25460600
90, 25537900
90, 25523100
90, 25616600
90, 25555800
90, 25556200
90, 26585400
90, 25975700
90, 27972700
90, 28360900
90, 25613500
90, 25621800
90, 25690100
90, 26778400
90, 37216600
90, 38496600
90, 38636700
90, 37329200
90, 35237600
90, 36793900
90, 32047000
90, 30335500
90, 31525100
90, 28517500
90, 28202200
90, 30444500
90, 25936600
90, 25983000
90, 25926700
90, 25936200
90, 25948100
90, 26112300
90, 25925300
90, 25309900
90, 28222800
90, 25792900
90, 26189900
90, 26442300
90, 24960100
90, 25041600
90, 24977900
90, 24859800
90, 24837900
90, 24734400
90, 32669600
91, 25488000
91, 26086800
91, 25696500
91, 27741100
91, 25977600
91, 26655600
91, 26992700
91, 27272800
91, 26817100
91, 25544800
91, 24964900
91, 25161200
91, 26042900
91, 29903200
91, 25363700
91, 24873900
91, 25401800
91, 24964400
91, 25125700
91, 25094200
91, 25039700
91, 25106900
91, 25166000
91, 25045100
91, 25566800
91, 28366200
91, 26824000
91, 25034700
91, 24940900
91, 25868100
91, 25269100
91, 25027500
91, 25136100
91, 25430000
91, 25056600
91, 25079700
91, 25098500
91, 25542000
91, 25136500
91, 25235400
91, 25931500
91, 25901400
91, 25090700
91, 25699700
91, 25209700
91, 26243700
91, 26508700
91, 26733600
91, 26151700
91, 25379900
92, 25159900
92, 25240100
92, 25144200
92, 25240100
92, 25125800
92, 25844100
92, 25156400
92, 25226800
92, 24898100
92, 25154600
92, 25246300
92, 25091300
92, 25052300
92, 25043200
92, 25302700
92, 25292500
92, 25517000
92, 25781100
92, 28106400
92, 26410800
92, 26108400
92, 28076800
92, 25685300
92, 25377200
92, 25145700
92, 25193400
92, 25579700
92, 25406600
92, 25311200
92, 25271900
92, 25543600
92, 25464700
92, 25139200
92, 25519800
92, 25096300
92, 28684100
92, 30768900
92, 25416700
92, 25112500
92, 25631700
92, 25114800
92, 25212400
92, 25168400
92, 25118700
92, 25705400
92, 25347800
92, 25373800
92, 25377400
92, 25482700
92, 25103700
93, 25123900
93, 25131700
93, 25079600
93, 25313800
93, 25219000
93, 25185300
93, 25330500
93, 29766800
93, 24927000
93, 25111500
93, 24923600
93, 25024900
93, 24928900
93, 25030600
93, 25143400
93, 25143000
93, 24966700
93, 25098300
93, 25088900
93, 25836300
93, 25694400
93, 25546600
93, 25491000
93, 26311000
93, 30405600
93, 29595600
93, 29449300
93, 25376100
93, 25245300
93, 25377300
93, 26786300
93, 26069200
93, 25717800
93, 26339900
93, 26109600
93, 31417700
93, 25856200
93, 32212600
93, 27487300
93, 25753400
93, 25319000
93, 25140600
93, 25653200
93, 25094500
93, 25981500
93, 25144400
93, 25230700
93, 25276700
93, 25281400
93, 25255100
94, 24989300
94, 25153300
94, 25153800
94, 25077100
94, 25079000
94, 25106200
94, 25582200
94, 25267000
94, 25052800
94, 25267400
94, 25232200
94, 24921400
94, 25406500
94, 24995700
94, 25680300
94, 25025200
94, 25443400
94, 24948700
94, 25176100
94, 25202700
94, 25100400
94, 25152000
94, 25744100
94, 27470900
94, 28409800
94, 25044500
94, 25233300
94, 27535300
94, 28507900
94, 25057500
94, 25809000
94, 25116000
94, 25684900
94, 25009800
94, 25063900
94, 25350200
94, 24946700
94, 25822000
94, 26670600
94, 25296100
94, 25096900
94, 25161000
94, 24978100
94, 26086500
94, 25029500
94, 25179300
94, 25598300
94, 25399600
94, 25185000
94, 25378500
95, 28745400
95, 25144200
95, 29014000
95, 30101100
95, 25486100
95, 25202800
95, 25204200
95, 25152800
95, 25152700
95, 25241100
95, 25067900
95, 25446700
95, 25303300
95, 25155900
95, 27654100
95, 25054700
95, 25113700
95, 25145300
95, 25129800
95, 25127000
95, 25116800
95, 25147500
95, 25210100
95, 25073800
95, 25489300
95, 26254600
95, 26130700
95, 25270700
95, 26095100
95, 25604700
95, 25040000
95, 25049100
95, 25310700
95, 25212700
95, 25170200
95, 25057800
95, 26181800
95, 25135900
95, 25698700
95, 25051600
95, 25103100
95, 26482500
95, 25990000
95, 25332300
95, 25155200
95, 24984400
95, 25080400
95, 25005200
95, 26024800
95, 25135600
96, 25669700
96, 25157600
96, 25238000
96, 28067600
96, 25167800
96, 28752500
96, 25072100
96, 25138800
96, 25024400
96, 29003000
96, 27948600
96, 31448200
96, 25605100
96, 25493500
96, 26047500
96, 25445800
96, 25924300
96, 25328400
96, 25597700
96, 25292600
96, 25381100
96, 25231300
96, 25269100
96, 25257400
96, 28000400
96, 25071100
96, 25084900
96, 25064600
96, 25429600
96, 25036900
96, 27245500
96, 25783600
96, 25182300
96, 25075300
96, 26644200
96, 26421000
96, 26923700
96, 25208600
96, 27300300
96, 25980000
96, 26296500
96, 25234600
96, 25165900
96, 27912300
96, 25184500
96, 25976400
96, 28132600
96, 25104000
96, 25106000
96, 25086900
97, 25097000
97, 25262600
97, 25337000
97, 24976000
97, 26071000
97, 28589500
97, 24997700
97, 25208300
97, 25130600
97, 25207400
97, 25019500
97, 25374600
97, 25563400
97, 27689800
97, 25036600
97, 25131400
97, 25080600
97, 25749000
97, 25233500
97, 26433000
97, 25331200
97, 25143900
97, 25060800
97, 25386800
97, 25233100
97, 25091000
97, 25122200
97, 25773100
97, 25708600
97, 25100600
97, 25227800
97, 25141400
97, 25192100
97, 24987000
97, 24846400
97, 25686300
97, 25110000
97, 27529100
97, 25040600
97, 24995000
97, 25173200
97, 25477100
97, 25700000
97, 25193000
97, 25134800
97, 25789100
97, 24988200
97, 25012900
97, 25097100
97, 24981200
98, 25013300
98, 24960100
98, 25051000
98, 24926300
98, 24879500
98, 24909500
98, 24884100
98, 25096600
98, 25261500
98, 32506900
98, 25196000
98, 25502600
98, 25118400
98, 26109500
98, 25236800
98, 25739700
98, 25675000
98, 25226100
98, 25366300
98, 25406700
98, 24890800
98, 24943100
98, 24906900
98, 24979900
98, 25691000
98, 25024600
98, 24984900
98, 24891800
98, 24963800
98, 25252800
98, 25403900
98, 25606300
98, 24939900
98, 25876900
98, 25086600
98, 25100200
98, 25060000
98, 25177200
98, 25104800
98, 25067100
98, 25111200
98, 25241500
98, 25238600
98, 25058300
98, 25898500
98, 25130400
98, 25121300
98, 25229700
98, 27098100
98, 25027700
99, 25273800
99, 25476500
99, 25054900
99, 25086800
99, 24961000
99, 24922000
99, 25512800
99, 26396000
99, 25055700
99, 25030100
99, 24962500
99, 24945900
99, 25227400
99, 25011700
99, 24909800
99, 24892400
99, 28122500
99, 25005500
99, 25008900
99, 25243200
99, 25293900
99, 25694600
99, 25284600
99, 25139200
99, 25147900
99, 25276800
99, 25029200
99, 25124300
99, 25010600
99, 25154200
99, 29267900
99, 26391000
99, 24947000
99, 26721900
99, 25230000
99, 25465700
99, 25601600
99, 26166700
99, 26453800
99, 25681900
99, 25232800
99, 25311800
99, 25411700
99, 28416400
99, 28054000
99, 25734400
99, 25059300
99, 25182400
99, 27250800
99, 25102300
100, 25390600
100, 25465100
100, 25361100
100, 25796400
100, 25102100
100, 25077100
100, 25537400
100, 25136800
100, 25080700
100, 25019400
100, 25151100
100, 25249100
100, 25341500
100, 25512000
100, 25559400
100, 25405100
100, 25517000
100, 25644000
100, 26224500
100, 25565900
100, 26389600
100, 25580500
100, 25643300
100, 25427600
100, 25580600
100, 26148500
100, 34549900
100, 31991200
100, 31710500
100, 26952900
100, 25616400
100, 28177700
100, 28101700
100, 27812700
100, 34914100
100, 25565900
100, 25435300
100, 25308300
100, 25255500
100, 25217700
100, 25394500
100, 25318800
100, 25082900
100, 25201100
100, 25144600
100, 25181800
100, 25873300
100, 24981500
100, 25004800
100, 25668200
