0, 24426300
0, 24339800
0, 24369300
0, 24334100
0, 24335100
0, 24394400
0, 25133200
0, 24393900
0, 27113200
0, 24602300
0, 24654100
0, 24683400
0, 24977600
0, 24292900
0, 24353800
0, 24473300
0, 28203800
0, 29761400
0, 24929800
0, 24641600
0, 24441500
0, 28453300
0, 39570000
0, 34246000
0, 24840500
0, 25080800
0, 24421100
0, 24726000
0, 24669700
0, 24351900
0, 24598100
0, 24386100
0, 27873300
0, 24346800
0, 24969700
0, 24319100
0, 24296200
0, 24860000
0, 24382600
0, 24453300
0, 25455000
0, 24462100
0, 24431300
0, 24354000
0, 24396900
0, 24301800
0, 24528400
0, 24820900
0, 24568200
0, 24588000
1, 24918000
1, 24895600
1, 25167900
1, 24728300
1, 24754800
1, 35137900
1, 29126300
1, 24371900
1, 24434600
1, 24389400
1, 24371500
1, 26241700
1, 24415700
1, 25050500
1, 24376100
1, 24433300
1, 24404900
1, 24348900
1, 24364900
1, 27277200
1, 27109100
1, 24336200
1, 25547900
1, 25041700
1, 24375300
1, 24443200
1, 24290300
1, 28958900
1, 27273400
1, 24342900
1, 24431300
1, 27629400
1, 24700100
1, 24649500
1, 24393400
1, 24313300
1, 24392000
1, 24291700
1, 24426800
1, 24372900
1, 24436700
1, 24313400
1, 24847600
1, 24225100
1, 28299600
1, 26739400
1, 24369200
1, 24552100
1, 24757800
1, 24365500
2, 24676900
2, 24522600
2, 26692400
2, 24952600
2, 24513600
2, 24350800
2, 24300200
2, 27137600
2, 28679400
2, 24442100
2, 24398600
2, 24379100
2, 24851400
2, 24381900
2, 25549400
2, 26398400
2, 38032900
2, 31925500
2, 30119300
2, 24379200
2, 24250300
2, 24230400
2, 24783500
2, 25041400
2, 24429000
2, 24319500
2, 25152300
2, 24444600
2, 24371500
2, 24343600
2, 24613600
2, 25098100
2, 25685400
2, 25390900
2, 25148200
2, 24796600
2, 24648200
2, 25000600
2, 32517500
2, 24302400
2, 24384700
2, 24797000
2, 24516400
2, 24555500
2, 24304800
2, 24362100
2, 24327800
2, 25249300
2, 24861100
2, 25182800
3, 24774600
3, 24826700
3, 24939900
3, 24325800
3, 31049600
3, 24803100
3, 24244300
3, 28439300
3, 24733300
3, 24356200
3, 24360100
3, 25434200
3, 24873800
3, 26712900
3, 26585400
3, 24540600
3, 24607300
3, 24641200
3, 24717300
3, 24409500
3, 24303600
3, 24424700
3, 24840800
3, 32035500
3, 33075700
3, 24463300
3, 24296300
3, 24349900
3, 24314500
3, 24696400
3, 24257400
3, 26597500
3, 24421900
3, 24594100
3, 24472500
3, 24887300
3, 24380100
3, 24574000
3, 24321800
3, 24418200
3, 24371800
3, 24406100
3, 25266500
3, 24990700
3, 25178700
3, 24468300
3, 24352600
3, 27615300
3, 31890100
3, 24527200
4, 24344300
4, 24429000
4, 25042900
4, 25010800
4, 24867700
4, 24295400
4, 25128700
4, 24729900
4, 24348200
4, 24526000
4, 24329100
4, 24424100
4, 24678100
4, 28448500
4, 24580500
4, 24435200
4, 24762100
4, 24313700
4, 24361000
4, 24411200
4, 24447000
4, 26338000
4, 24621400
4, 24433500
4, 24365600
4, 24628900
4, 24305500
4, 29175900
4, 24475500
4, 27949900
4, 24414600
4, 24388300
4, 24873500
4, 24463300
4, 29031600
4, 24298100
4, 29838200
4, 26681700
4, 24428000
4, 26961700
4, 24680300
4, 24368500
4, 24344700
4, 24324100
4, 24694500
4, 24307200
4, 24531700
4, 24311000
4, 24740100
4, 24553900
5, 27358800
5, 24297000
5, 29285800
5, 30794900
5, 29651200
5, 24819800
5, 25671400
5, 28323300
5, 25105500
5, 24759600
5, 27965300
5, 31023700
5, 24389800
5, 24370400
5, 24389000
5, 24386100
5, 24344700
5, 24368000
5, 24465400
5, 24401100
5, 24331000
5, 24974900
5, 24312700
5, 24450100
5, 24299600
5, 24337900
5, 24353300
5, 30464100
5, 26294300
5, 24578700
5, 26122900
5, 25280000
5, 24318600
5, 24434700
5, 25165100
5, 24649900
5, 24345000
5, 24329400
5, 24390100
5, 25285100
5, 24493400
5, 27293500
5, 25464700
5, 24858600
5, 24974200
5, 24360800
5, 24563800
5, 24301600
5, 24346100
5, 24329800
6, 26314100
6, 24949200
6, 24346200
6, 24293800
6, 24356500
6, 24376100
6, 24284200
6, 24338300
6, 24322600
6, 24315500
6, 24345800
6, 24585500
6, 24563600
6, 24344200
6, 25289300
6, 25028000
6, 27565900
6, 36147900
6, 27966100
6, 24433400
6, 24481300
6, 24305000
6, 24282500
6, 24431400
6, 26719700
6, 24363300
6, 24316900
6, 24986300
6, 24305300
6, 24462400
6, 24414000
6, 26448300
6, 24506300
6, 24423200
6, 24560000
6, 24333300
6, 24361600
6, 24357600
6, 26466400
6, 24654400
6, 25147200
6, 25233100
6, 24793700
6, 36855600
6, 41291000
6, 36742700
6, 34276000
6, 26285000
6, 26027200
6, 25057400
7, 25255400
7, 25162500
7, 25919600
7, 25378600
7, 25122400
7, 24867900
7, 24389800
7, 24305200
7, 24267400
7, 24293500
7, 24246800
7, 24262600
7, 24239700
7, 24571700
7, 24426400
7, 25055200
7, 24297500
7, 27914500
7, 36866200
7, 35285000
7, 26972600
7, 25094800
7, 27380600
7, 24312800
7, 24303700
7, 25692900
7, 25213000
7, 24848000
7, 24304500
7, 24376800
7, 25536500
7, 25767800
7, 24447300
7, 25092800
7, 24314300
7, 24779900
7, 28498700
7, 24368200
7, 24427000
7, 24363400
7, 24280600
7, 24827900
7, 24433800
7, 24837300
7, 24548300
7, 24476500
7, 24331200
7, 24342300
7, 24326800
7, 24318400
8, 24394600
8, 24303600
8, 25090300
8, 24267200
8, 24302400
8, 24297600
8, 24262400
8, 24482600
8, 27221300
8, 24431600
8, 24473500
8, 24264100
8, 24448300
8, 24472100
8, 24453600
8, 24411900
8, 24419400
8, 24900200
8, 24397200
8, 24322100
8, 24354200
8, 24859900
8, 28751100
8, 24377300
8, 24495800
8, 24327800
8, 24532700
8, 24324500
8, 24291400
8, 25118100
8, 24330400
8, 24371900
8, 24315100
8, 24941800
8, 26009500
8, 30570200
8, 25512300
8, 27417300
8, 24394500
8, 24340200
8, 24297100
8, 24463900
8, 24492800
8, 24307000
8, 24362600
8, 24673800
8, 25615800
8, 24317100
8, 29386700
8, 24797200
9, 24325300
9, 24291800
9, 24552500
9, 24984400
9, 25314200
9, 29309500
9, 27291200
9, 25193000
9, 24474400
9, 24304300
9, 24322000
9, 24366800
9, 24355800
9, 24459800
9, 24306400
9, 27499100
9, 24339900
9, 24393300
9, 24379300
9, 31116100
9, 24427700
9, 24291600
9, 24851100
9, 24432600
9, 27859600
9, 24459300
9, 25591800
9, 24992300
9, 26786900
9, 26809100
9, 24408600
9, 24744200
9, 24567900
9, 24301200
9, 24367900
9, 24394300
9, 24416100
9, 24311000
9, 31102600
9, 28876000
9, 24348700
9, 26608700
9, 25053200
9, 24889400
9, 25634300
9, 24325000
9, 26362700
9, 33971200
9, 25619200
9, 32106600
10, 24771000
10, 29957100
10, 24865500
10, 28550600
10, 24373100
10, 24307500
10, 24377100
10, 24306400
10, 25744400
10, 24378300
10, 28297300
10, 24358600
10, 26389500
10, 25598600
10, 24373800
10, 24395200
10, 24326700
10, 25717700
10, 27587500
10, 24325700
10, 24489000
10, 24326700
10, 24292800
10, 24278300
10, 24920500
10, 24453500
10, 24448500
10, 32585500
10, 24835500
10, 24576900
10, 24606000
10, 24675200
10, 25687400
10, 32915300
10, 25516700
10, 24627400
10, 24466300
10, 24779900
10, 24342400
10, 24379100
10, 24361300
10, 24940600
10, 24301500
10, 24376800
10, 24237800
10, 24328400
10, 24230600
10, 24233000
10, 24303600
10, 24889700
11, 24399300
11, 24475500
11, 24645600
11, 24881500
11, 24989900
11, 24282200
11, 24276500
11, 24439500
11, 24490400
11, 24361400
11, 24564800
11, 24497400
11, 24391000
11, 24408800
11, 24348900
11, 24349900
11, 24314800
11, 26930300
11, 24628600
11, 24341300
11, 24441100
11, 24376200
11, 24387300
11, 24477800
11, 24397800
11, 24880100
11, 25151000
11, 24361000
11, 24802600
11, 24323000
11, 24222900
11, 24347500
11, 24883100
11, 24788000
11, 24359400
11, 24318400
11, 24406200
11, 24416800
11, 24899900
11, 24473800
11, 24330400
11, 24765800
11, 24302200
11, 26315000
11, 28696000
11, 25002800
11, 24268700
11, 24289100
11, 24323600
11, 24484600
12, 24480700
12, 24294100
12, 24416900
12, 24743500
12, 24815800
12, 24285400
12, 24349600
12, 29955200
12, 36750700
12, 30990400
12, 24587200
12, 24379900
12, 24423700
12, 24668600
12, 26481200
12, 25289500
12, 25209200
12, 24359000
12, 24470800
12, 24404400
12, 24613800
12, 24354900
12, 24302800
12, 24320100
12, 25021700
12, 24403000
12, 24364600
12, 24432900
12, 24338900
12, 24392000
12, 24361700
12, 24327200
12, 25389600
12, 34107400
12, 25007300
12, 24615500
12, 27037500
12, 24960300
12, 28574300
12, 28067500
12, 24409900
12, 24391300
12, 24363100
12, 24999200
12, 24302000
12, 24575500
12, 26510800
12, 24421700
12, 24923700
12, 24253300
13, 24468800
13, 24683700
13, 24477000
13, 25607000
13, 26676900
13, 24850100
13, 26236900
13, 25590300
13, 24533500
13, 25440000
13, 27840600
13, 24402600
13, 26645800
13, 24750000
13, 24333500
13, 24440800
13, 24338100
13, 24357500
13, 24365100
13, 24443200
13, 24395800
13, 25259600
13, 27867600
13, 28068900
13, 24801900
13, 25567700
13, 25107200
13, 24401800
13, 24405300
13, 24585800
13, 24495600
13, 24289900
13, 24354600
13, 24305200
13, 24351500
13, 24318000
13, 28888400
13, 25274200
13, 24636000
13, 24301900
13, 25056700
13, 24645600
13, 24516100
13, 30105300
13, 26497100
13, 25472000
13, 24425900
13, 24351600
13, 24372800
13, 24698400
14, 24422700
14, 24444300
14, 24394600
14, 24468000
14, 24421400
14, 24435300
14, 24277500
14, 24289100
14, 24708100
14, 24425400
14, 24506400
14, 24371000
14, 24732600
14, 30437600
14, 24366300
14, 24892700
14, 24689100
14, 24349800
14, 24329100
14, 27247200
14, 27125500
14, 24364300
14, 24276900
14, 24631600
14, 24678300
14, 24392300
14, 31352400
14, 24850500
14, 24516500
14, 25570100
14, 24450800
14, 24421100
14, 24658800
14, 24461900
14, 26231300
14, 25246900
14, 24322200
14, 24798100
14, 24407400
14, 24304300
14, 24250200
14, 24568200
14, 24334700
14, 24338200
14, 24264000
14, 24585000
14, 32219100
14, 27580500
14, 24350600
14, 24839200
15, 25088100
15, 24701000
15, 24475900
15, 28121300
15, 40368000
15, 29400800
15, 24791100
15, 26124400
15, 24518400
15, 25328800
15, 24491300
15, 24815700
15, 24451000
15, 24434400
15, 25603100
15, 24411300
15, 27574400
15, 24235900
15, 29202600
15, 24350600
15, 24639900
15, 24361400
15, 24424100
15, 25320500
15, 24359900
15, 24812500
15, 24413300
15, 24385700
15, 24349500
15, 24299000
15, 24658400
15, 24604800
15, 24869100
15, 24332900
15, 24368700
15, 27020500
15, 27971500
15, 24339700
15, 24369300
15, 24541300
15, 24510400
15, 24300600
15, 31882700
15, 32495200
15, 26310100
15, 26886700
15, 24415900
15, 24389800
15, 24661700
15, 24321000
16, 24294700
16, 24286200
16, 24284500
16, 25375400
16, 25864500
16, 24516900
16, 27911700
16, 24358000
16, 24328300
16, 25071100
16, 24342900
16, 24417300
16, 25087800
16, 25755200
16, 24506600
16, 25532500
16, 24414800
16, 24420200
16, 24618200
16, 24266400
16, 31226800
16, 29730200
16, 28565000
16, 24427500
16, 24273000
16, 25085900
16, 24291600
16, 24395000
16, 24343700
16, 24668100
16, 24356600
16, 24321500
16, 24272600
16, 25625200
16, 24417300
16, 25451300
16, 24400200
16, 24624600
16, 24370500
16, 24315600
16, 24251100
16, 24328900
16, 24374100
16, 26180400
16, 24444600
16, 24582000
16, 24736800
16, 24307200
16, 24512900
16, 24282600
17, 24500200
17, 32030600
17, 25099200
17, 24908900
17, 24710000
17, 24826600
17, 24873500
17, 24510500
17, 24727900
17, 24532300
17, 28248900
17, 28005600
17, 24289500
17, 24417000
17, 24508300
17, 24300500
17, 24475400
17, 24378300
17, 24413700
17, 28610700
17, 24734900
17, 24278700
17, 27938700
17, 32049100
17, 24363800
17, 24691200
17, 25597200
17, 24542600
17, 24421700
17, 24328900
17, 24297300
17, 24325500
17, 24744200
17, 32682700
17, 40940200
17, 27832800
17, 28553700
17, 24351200
17, 29254500
17, 36205400
17, 34170400
17, 27131600
17, 25048100
17, 24836200
17, 26991900
17, 30558500
17, 27169400
17, 24364000
17, 24361300
17, 24253600
18, 24416700
18, 24401500
18, 24338500
18, 24401300
18, 25106500
18, 25075300
18, 25174500
18, 24459200
18, 24438300
18, 24383200
18, 24273300
18, 30257200
18, 24508400
18, 24343500
18, 27380600
18, 28660200
18, 24964000
18, 24365300
18, 24285600
18, 24411800
18, 26953100
18, 24444400
18, 24323500
18, 24594300
18, 24443000
18, 24409500
18, 24305300
18, 24861000
18, 24460000
18, 26461400
18, 24549800
18, 24324700
18, 25405400
18, 24745000
18, 24681400
18, 24302000
18, 25709000
18, 28420300
18, 27829300
18, 24279400
18, 24425600
18, 26644200
18, 24289500
18, 24304100
18, 24353100
18, 24436100
18, 24605800
18, 24363600
18, 24635700
18, 24421200
19, 27528600
19, 32679900
19, 24461900
19, 25376100
19, 24978800
19, 24372300
19, 24932500
19, 27118900
19, 24703300
19, 24559300
19, 32089000
19, 24364500
19, 24368400
19, 24330600
19, 24406500
19, 24795700
19, 24429000
19, 40459800
19, 33242300
19, 24300200
19, 24384400
19, 24822300
19, 25446500
19, 24234100
19, 24809600
19, 24456800
19, 25671400
19, 24371400
19, 24357700
19, 24419000
19, 24394000
19, 24446100
19, 24348300
19, 24450600
19, 25363000
19, 24390100
19, 24427800
19, 24335000
19, 24378900
19, 24709400
19, 31898400
19, 24354300
19, 24806400
19, 24716300
19, 24628300
19, 27279100
19, 24994000
19, 24355700
19, 24650000
19, 26258300
20, 24465500
20, 24810600
20, 24340100
20, 24378000
20, 24355200
20, 24382200
20, 28297900
20, 32258500
20, 24903800
20, 25715100
20, 24382200
20, 24550800
20, 24685300
20, 24804500
20, 24672500
20, 24706700
20, 25005500
20, 24333000
20, 24370300
20, 24895700
20, 24464500
20, 24450800
20, 24333000
20, 24431300
20, 24287900
20, 24544700
20, 24760800
20, 25179500
20, 24410000
20, 27162100
20, 30209800
20, 24369900
20, 24410000
20, 24667400
20, 24309900
20, 24342400
20, 25588700
20, 24921100
20, 24713500
20, 34734000
20, 42929700
20, 32277400
20, 24489300
20, 24312300
20, 24484600
20, 24697600
20, 26528600
20, 24421400
20, 24322300
20, 25481300
21, 24347700
21, 24422600
21, 24465200
21, 24458600
21, 24492600
21, 24401900
21, 24384200
21, 24397300
21, 24354300
21, 24378700
21, 24378700
21, 25343300
21, 24411900
21, 24848500
21, 24300500
21, 24985900
21, 24347900
21, 24420500
21, 24327200
21, 30255100
21, 24389300
21, 24502300
21, 24352200
21, 24655900
21, 24731500
21, 30012500
21, 24918700
21, 25149900
21, 25845000
21, 24350100
21, 24278400
21, 27002800
21, 24508500
21, 24405000
21, 24394000
21, 24957200
21, 26344900
21, 24785800
21, 24335100
21, 24491500
21, 24304400
21, 24297100
21, 24402900
21, 24300200
21, 28555100
21, 24582800
21, 28173600
21, 24406700
21, 28131600
21, 27450500
22, 24276300
22, 24435600
22, 24755800
22, 24518200
22, 24396700
22, 24360400
22, 25573900
22, 28914800
22, 26262100
22, 33289800
22, 25435900
22, 24399700
22, 24423000
22, 24511600
22, 24672200
22, 24421200
22, 24931500
22, 26376500
22, 24374900
22, 24282100
22, 24301400
22, 24493100
22, 24838800
22, 24827100
22, 24401300
22, 24759200
22, 24671400
22, 27908800
22, 24373600
22, 25096000
22, 26089100
22, 28088600
22, 24361200
22, 24327700
22, 24816200
22, 24313000
22, 25010000
22, 24675300
22, 24521800
22, 24282800
22, 24960800
22, 24325400
22, 24409900
22, 24436200
22, 24537100
22, 24774500
22, 24828900
22, 24806000
22, 28029800
22, 33188400
23, 24613900
23, 24355900
23, 24259600
23, 24404200
23, 24305400
23, 24919500
23, 26456400
23, 25408500
23, 24483900
23, 24790300
23, 24299500
23, 24358300
23, 24403900
23, 24279200
23, 24617300
23, 26365700
23, 24817300
23, 24547900
23, 24328800
23, 24315300
23, 24539800
23, 24624300
23, 24554500
23, 27144600
23, 24564200
23, 24319400
23, 24471800
23, 24888300
23, 24836200
23, 24344700
23, 24345200
23, 24305000
23, 24309800
23, 24487300
23, 24612800
23, 24277300
23, 24552400
23, 27859400
23, 24505600
23, 35225200
23, 24652900
23, 24329800
23, 24421000
23, 24339300
23, 24420000
23, 24643000
23, 28661500
23, 36746200
23, 35885900
23, 24364200
24, 24339400
24, 24286100
24, 24636000
24, 24327800
24, 26117500
24, 24507700
24, 25678600
24, 24675200
24, 24395600
24, 24457300
24, 24468700
24, 24782600
24, 24516800
24, 24689600
24, 24414800
24, 24431300
24, 24302700
24, 24345600
24, 24315200
24, 24664000
24, 25018700
24, 24808200
24, 24550900
24, 24345900
24, 24276600
24, 24434200
24, 24686600
24, 24593400
24, 24703400
24, 24851800
24, 24503600
24, 24666300
24, 24799700
24, 24297200
24, 24367800
24, 24981600
24, 33153200
24, 28185600
24, 25506200
24, 25428000
24, 24540200
24, 24590700
24, 24698200
24, 32923500
24, 24500800
24, 24587900
24, 24487300
24, 24421400
24, 24366800
24, 28543400
25, 24436600
25, 25360300
25, 25001400
25, 28335400
25, 24685900
25, 24787600
25, 24327200
25, 28264000
25, 24858900
25, 24736200
25, 24416400
25, 24301900
25, 24317200
25, 24461000
25, 24462200
25, 24425700
25, 24313800
25, 24411700
25, 25107200
25, 24446400
25, 25038500
25, 24519600
25, 24531200
25, 24310300
25, 24315600
25, 28704300
25, 27009200
25, 30269700
25, 24967600
25, 24452800
25, 24945200
25, 24277000
25, 25106900
25, 40381600
25, 24923800
25, 24254100
25, 24355100
25, 24597800
25, 24609700
25, 24275200
25, 24596200
25, 24328400
25, 24522300
25, 24276100
25, 24341100
25, 24295200
25, 24391600
25, 24360800
25, 25054100
25, 24931200
26, 24482600
26, 24423200
26, 24401300
26, 24489000
26, 24418700
26, 24441200
26, 24408400
26, 24405400
26, 24434500
26, 24713300
26, 24485400
26, 24432200
26, 24540000
26, 24510700
26, 24379800
26, 26284600
26, 24240900
26, 24388600
26, 24453600
26, 24425400
26, 24432700
26, 24390700
26, 24346700
26, 25837700
26, 26237000
26, 24386200
26, 24297500
26, 24347400
26, 24364300
26, 24677100
26, 24324500
26, 24329900
26, 25251600
26, 24750900
26, 24746100
26, 24451000
26, 24540100
26, 24394700
26, 24415100
26, 25005000
26, 24370400
26, 24448800
26, 24717300
26, 24360000
26, 24769000
26, 24398200
26, 28529900
26, 24259600
26, 24582100
26, 32463500
27, 24440400
27, 24419900
27, 24316900
27, 24656200
27, 25149900
27, 31663200
27, 31894400
27, 24732500
27, 26811800
27, 26992200
27, 24446700
27, 24426700
27, 24389200
27, 24803400
27, 25001200
27, 24306900
27, 25025100
27, 24244300
27, 24441600
27, 24434300
27, 24384100
27, 28142600
27, 25147300
27, 24526400
27, 28600300
27, 24734600
27, 27429100
27, 28027000
27, 24362900
27, 25563500
27, 24368300
27, 24317500
27, 24415900
27, 24289700
27, 24948800
27, 24671700
27, 24404600
27, 24340100
27, 27055300
27, 25240400
27, 24747900
27, 24389800
27, 24326100
27, 24572100
27, 28031900
27, 24368000
27, 25609300
27, 36465900
27, 24457100
27, 24408600
28, 24888900
28, 24616100
28, 26435200
28, 24439800
28, 24358100
28, 24323300
28, 24312000
28, 24255800
28, 24313400
28, 24720800
28, 24478700
28, 24329700
28, 26666300
28, 27003800
28, 24431900
28, 24628600
28, 24282100
28, 24349300
28, 24301400
28, 24984700
28, 24946500
28, 24323100
28, 24406400
28, 24325100
28, 25690600
28, 26068700
28, 26536900
28, 24510600
28, 29796000
28, 24508000
28, 24379800
28, 24602300
28, 24595700
28, 24314500
28, 29951000
28, 24459700
28, 24930100
28, 25694500
28, 26851400
28, 24488700
28, 24336400
28, 25006100
28, 27084600
28, 24634500
28, 24288600
28, 24405800
28, 24541700
28, 24831700
28, 24374500
28, 24354700
29, 24393700
29, 24727000
29, 24353000
29, 24388400
29, 24402000
29, 24296100
29, 24255400
29, 24416100
29, 24409900
29, 25576100
29, 24704800
29, 24314400
29, 24954200
29, 24653800
29, 24649300
29, 24341200
29, 24807800
29, 24436500
29, 28909800
29, 26214700
29, 24351800
29, 24337100
29, 24330500
29, 26788900
29, 24427500
29, 24715300
29, 24901500
29, 24292200
29, 24485200
29, 24351000
29, 24740200
29, 24410400
29, 26728300
29, 24636000
29, 24478600
29, 24298700
29, 24390100
29, 24494000
29, 24734800
29, 24304100
29, 24369000
29, 24414000
29, 24490500
29, 24333000
29, 28261100
29, 24399000
29, 24296300
29, 24423500
29, 24339200
29, 24542700
30, 34844500
30, 39478000
30, 38282000
30, 35626500
30, 38822200
30, 28399600
30, 32181700
30, 24386600
30, 24362300
30, 24838100
30, 24331600
30, 26287000
30, 24328100
30, 24412500
30, 24974000
30, 24470800
30, 24357300
30, 24412600
30, 24303700
30, 24721600
30, 24342000
30, 25752300
30, 24425000
30, 24495000
30, 24433000
30, 24496100
30, 24349300
30, 24321100
30, 24417400
30, 24461900
30, 24539600
30, 26706700
30, 24502400
30, 24454900
30, 24448000
30, 27745500
30, 24188800
30, 24336200
30, 24995000
30, 24287900
30, 24548300
30, 24862600
30, 24758300
30, 24456400
30, 24320400
30, 24808500
30, 31325700
30, 26976700
30, 24417800
30, 25268200
31, 24493000
31, 37178900
31, 24452000
31, 24343400
31, 25737500
31, 24270700
31, 24312700
31, 24213000
31, 24326200
31, 24327500
31, 24809400
31, 25009100
31, 25926100
31, 24377600
31, 24435600
31, 24487200
31, 24468500
31, 24371700
31, 24847300
31, 24219000
31, 24317900
31, 24792500
31, 25381800
31, 24239100
31, 24346200
31, 24396100
31, 24436400
31, 24352700
31, 24313800
31, 24351400
31, 24381600
31, 24482100
31, 24860400
31, 24405800
31, 29058200
31, 24723200
31, 25016800
31, 24427600
31, 24734000
31, 24348800
31, 24404800
31, 30685800
31, 24406100
31, 24392100
31, 24777800
31, 25630400
31, 25326400
31, 24275400
31, 35456700
31, 39032200
32, 24418600
32, 24420000
32, 24679700
32, 24917800
32, 24437600
32, 24314600
32, 24459500
32, 24791300
32, 24410600
32, 24492900
32, 24315200
32, 24409000
32, 24456300
32, 24314800
32, 24336000
32, 24389100
32, 24900800
32, 28017300
32, 30246100
32, 24693600
32, 24391800
32, 24870800
32, 24377600
32, 25014100
32, 24622000
32, 32724600
32, 24926100
32, 24766100
32, 25554800
32, 24334300
32, 34964900
32, 28267600
32, 24503600
32, 24401600
32, 24809100
32, 25400200
32, 24332400
32, 24208500
32, 25627800
32, 25978000
32, 25873700
32, 24818700
32, 24367800
32, 24339200
32, 24436700
32, 24285900
32, 24562000
32, 24662700
32, 24460400
32, 24536500
33, 24450000
33, 24312400
33, 24386200
33, 24495900
33, 24420600
33, 24470900
33, 24275900
33, 24725100
33, 24342500
33, 24457500
33, 24375000
33, 24457100
33, 24443400
33, 28850700
33, 24194500
33, 30586200
33, 25924700
33, 25341300
33, 24786400
33, 26292400
33, 30521400
33, 24500200
33, 24313300
33, 24324000
33, 24360700
33, 24650000
33, 24288500
33, 24884500
33, 24686500
33, 24804800
33, 24398000
33, 24476200
33, 24901600
33, 24481200
33, 24365500
33, 24386700
33, 24402600
33, 28156100
33, 35164800
33, 35794400
33, 35767900
33, 35745500
33, 35101500
33, 26901800
33, 30858700
33, 25412100
33, 24306100
33, 24405500
33, 24368200
33, 24343800
34, 24577500
34, 24348300
34, 24746200
34, 24366300
34, 24396000
34, 24486300
34, 24703300
34, 27478800
34, 29611900
34, 24414400
34, 24347800
34, 24358000
34, 24443000
34, 24709200
34, 25312300
34, 25288700
34, 25247800
34, 24335900
34, 25101400
34, 24270000
34, 24725800
34, 24401100
34, 24481600
34, 24424400
34, 24505900
34, 25127400
34, 25116900
34, 24355900
34, 24571600
34, 26046100
34, 24311500
34, 24495000
34, 25269700
34, 27669900
34, 24640800
34, 24326400
34, 24331400
34, 25504300
34, 25592200
34, 26926000
34, 28036700
34, 24459100
34, 24383700
34, 28761000
34, 24489100
34, 24533000
34, 26509700
34, 36587100
34, 24225700
34, 25101500
35, 25778100
35, 28101900
35, 26567000
35, 25142500
35, 25043400
35, 24381500
35, 24490500
35, 24433600
35, 24400100
35, 24413400
35, 24359700
35, 24434800
35, 24528500
35, 24444700
35, 24355100
35, 24410900
35, 24358600
35, 24368200
35, 28606600
35, 24247400
35, 24960900
35, 24509400
35, 24597500
35, 24813900
35, 24582000
35, 24726500
35, 24338700
35, 24430200
35, 24436600
35, 24279900
35, 24515100
35, 25055200
35, 24316100
35, 29176800
35, 24532600
35, 24307700
35, 25949000
35, 32268700
35, 26568400
35, 26389400
35, 26146900
35, 26570800
35, 24940800
35, 24710000
35, 25719700
35, 33874900
35, 24364600
35, 24303400
35, 24290700
35, 24294900
36, 24787100
36, 25049800
36, 24301900
36, 25152200
36, 24306100
36, 24332400
36, 24318200
36, 24409100
36, 24258000
36, 24279000
36, 24320200
36, 24355300
36, 29394300
36, 24466300
36, 24329900
36, 24419800
36, 24646600
36, 24435400
36, 24373500
36, 28398000
36, 24252400
36, 24880900
36, 24322900
36, 24380700
36, 24891500
36, 24297800
36, 37408900
36, 24417100
36, 24368000
36, 24398000
36, 24437700
36, 25880900
36, 24652100
36, 24567500
36, 27203800
36, 25914100
36, 24785200
36, 24380300
36, 24344700
36, 25617100
36, 24921300
36, 24353800
36, 24344000
36, 24977200
36, 24474900
36, 24319200
36, 31334000
36, 25507200
36, 24669300
36, 28524100
37, 24389400
37, 24667800
37, 24331000
37, 25301000
37, 24641000
37, 24421200
37, 24365400
37, 24332500
37, 24304800
37, 24701200
37, 24704300
37, 26104500
37, 34858100
37, 24399300
37, 27737100
37, 32045300
37, 24473000
37, 24331500
37, 24379800
37, 25242400
37, 24357700
37, 24627000
37, 24927000
37, 24360400
37, 25604300
37, 24452000
37, 24483800
37, 24431600
37, 24478900
37, 24399500
37, 24482300
37, 24340900
37, 25355800
37, 24344900
37, 24740600
37, 24353600
37, 24291900
37, 24338100
37, 24297400
37, 24346000
37, 24296300
37, 24563600
37, 24339900
37, 24368800
37, 24349800
37, 24667300
37, 24503300
37, 24712800
37, 24366400
37, 27700800
38, 24338900
38, 31486900
38, 24888000
38, 24289600
38, 28045000
38, 26920200
38, 24286000
38, 24325400
38, 24354700
38, 24364500
38, 25268300
38, 26472300
38, 26481000
38, 25110300
38, 25163800
38, 25108600
38, 25279700
38, 24480900
38, 24836400
38, 24403000
38, 25301700
38, 24210700
38, 24884200
38, 24416000
38, 24488200
38, 25271100
38, 24385200
38, 24353700
38, 24400500
38, 24382300
38, 24720300
38, 24485000
38, 25851900
38, 25346800
38, 24390900
38, 36046300
38, 28331900
38, 28494900
38, 24824200
38, 24429500
38, 27194400
38, 24466400
38, 24455900
38, 25429600
38, 24970600
38, 26523900
38, 24644600
38, 24730100
38, 26098500
38, 24740400
39, 24734000
39, 29949700
39, 26546200
39, 26186800
39, 24437200
39, 25079600
39, 24318300
39, 24296000
39, 24661200
39, 24336100
39, 24338400
39, 24402300
39, 24356600
39, 27037900
39, 24434900
39, 24292900
39, 24404400
39, 24383000
39, 24363400
39, 24334600
39, 27487700
39, 24252500
39, 24301000
39, 24277200
39, 24300500
39, 24258900
39, 25562700
39, 25454200
39, 24518400
39, 28276200
39, 24556200
39, 30734300
39, 24994200
39, 28550400
39, 25933900
39, 24251200
39, 24301500
39, 24292500
39, 24245100
39, 24265900
39, 24343200
39, 24657600
39, 25909600
39, 25526100
39, 24205100
39, 24321100
39, 24288000
39, 24540200
39, 24286700
39, 24311800
40, 29372800
40, 25221300
40, 24326700
40, 29169000
40, 24538900
40, 24339600
40, 24780500
40, 24333100
40, 24357500
40, 24416700
40, 24430600
40, 24287300
40, 24996400
40, 24739200
40, 25768900
40, 26355300
40, 24324700
40, 24702800
40, 24682800
40, 24306300
40, 24337500
40, 24845400
40, 24519900
40, 27672800
40, 24949000
40, 24651700
40, 24319600
40, 24410100
40, 24686000
40, 24399100
40, 24679000
40, 28396900
40, 24865800
40, 24737600
40, 31080500
40, 24315000
40, 29804300
40, 25015700
40, 24291600
40, 24366700
40, 24479000
40, 24306200
40, 25078000
40, 25038000
40, 24338500
40, 30436400
40, 24374700
40, 24551200
40, 24352500
40, 24520200
41, 24304600
41, 24424100
41, 24378600
41, 24396800
41, 26169500
41, 27066700
41, 24532000
41, 24710900
41, 26593400
41, 24494100
41, 24276200
41, 24372000
41, 24292100
41, 31155400
41, 24531900
41, 24372900
41, 24444000
41, 25004400
41, 24349500
41, 24277500
41, 24414800
41, 26342600
41, 24586600
41, 24466200
41, 24442200
41, 24498000
41, 24286400
41, 25336200
41, 24401800
41, 24705200
41, 24350300
41, 24325600
41, 25003800
41, 24442300
41, 25329100
41, 24378700
41, 24803900
41, 24519000
41, 25077100
41, 24428200
41, 24374900
41, 25154500
41, 24700200
41, 24336000
41, 24404900
41, 24469500
41, 24396000
41, 24427700
41, 24314100
41, 26293600
42, 24352100
42, 28795300
42, 25601300
42, 26853600
42, 25306800
42, 24623000
42, 24523300
42, 24868700
42, 24403500
42, 24367800
42, 24534100
42, 26064000
42, 24890000
42, 24362900
42, 24447600
42, 24492000
42, 24311300
42, 28820500
42, 24337100
42, 24929900
42, 24367600
42, 24286800
42, 24338000
42, 32223400
42, 24972700
42, 24516200
42, 24456300
42, 26300800
42, 28710100
42, 24402000
42, 24545000
42, 24359500
42, 24453800
42, 24263700
42, 24860200
42, 25222000
42, 25354100
42, 24299100
42, 27906700
42, 24413600
42, 24458700
42, 35279300
42, 30088300
42, 25652400
42, 24533100
42, 24324500
42, 24303700
42, 24735200
42, 25303000
42, 24384500
43, 24972700
43, 24961000
43, 24737700
43, 24466000
43, 24813200
43, 24453800
43, 24420200
43, 24353000
43, 24453900
43, 26071400
43, 24200600
43, 24322000
43, 24372300
43, 27145600
43, 24962200
43, 24280700
43, 24697300
43, 24298000
43, 25222000
43, 24352400
43, 24609600
43, 25075700
43, 24467000
43, 24380000
43, 24331100
43, 24623900
43, 24574700
43, 24322700
43, 24325900
43, 24690500
43, 24390700
43, 25580400
43, 24327800
43, 26943500
43, 24627000
43, 24824700
43, 24328600
43, 24336900
43, 24503800
43, 24344500
43, 25049100
43, 26926500
43, 24832800
43, 24345000
43, 24772700
43, 25855800
43, 24606900
43, 24341300
43, 24381400
43, 24408400
44, 24866400
44, 24750800
44, 24362800
44, 24319700
44, 24741100
44, 24608200
44, 24645500
44, 24314000
44, 24349900
44, 25019000
44, 24347900
44, 24651400
44, 24551200
44, 24765300
44, 24318700
44, 24399300
44, 24712100
44, 24604400
44, 24337600
44, 28106400
44, 25480200
44, 26821500
44, 27153700
44, 27606800
44, 24656800
44, 34978800
44, 26332500
44, 28119300
44, 25931500
44, 33833900
44, 37929100
44, 24563200
44, 24744000
44, 24514900
44, 25170800
44, 24894700
44, 26939000
44, 24515900
44, 24336000
44, 24991900
44, 24508900
44, 24312600
44, 28459900
44, 24341400
44, 24768500
44, 24349300
44, 25159900
44, 28559600
44, 24588800
44, 27433300
45, 25240200
45, 24440800
45, 25017300
45, 24494400
45, 24389100
45, 24493800
45, 24388200
45, 24363700
45, 30160900
45, 31088500
45, 31215000
45, 25700000
45, 25179900
45, 24604800
45, 24551300
45, 24545100
45, 24395200
45, 24447900
45, 24942100
45, 24324600
45, 26022600
45, 24483000
45, 24566800
45, 24447600
45, 24416900
45, 24715700
45, 24440800
45, 24291100
45, 25309900
45, 25021300
45, 24361600
45, 27511100
45, 24391200
45, 24251400
45, 24386600
45, 24787700
45, 24430200
45, 27097500
45, 24532700
45, 24327100
45, 24330800
45, 24258900
45, 24422000
45, 24322000
45, 25237700
45, 24426600
45, 24418900
45, 35579100
45, 24309300
45, 37096000
46, 30976400
46, 24762100
46, 24314900
46, 24422200
46, 24541400
46, 24510600
46, 24578300
46, 24244200
46, 24927300
46, 24625300
46, 24493600
46, 24527500
46, 24510500
46, 24452900
46, 24475800
46, 24482900
46, 24466200
46, 24925400
46, 24238300
46, 24973600
46, 24314600
46, 24482800
46, 24284200
46, 24310500
46, 24634400
46, 24983100
46, 24465100
46, 24330700
46, 24328400
46, 25172500
46, 24306500
46, 24540200
46, 24448500
46, 24430700
46, 24441900
46, 24356600
46, 25426100
46, 24514300
46, 24281400
46, 25934000
46, 29028400
46, 24482300
46, 24369700
46, 24359300
46, 24453200
46, 24386600
46, 25027600
46, 24355800
46, 26013400
46, 25344700
47, 24429100
47, 24369100
47, 24358500
47, 24341800
47, 24407100
47, 24250500
47, 24429700
47, 25848000
47, 24761900
47, 24471300
47, 24836400
47, 25656700
47, 24531300
47, 30949600
47, 24565400
47, 24606400
47, 24636200
47, 25349100
47, 24557200
47, 25043900
47, 24685400
47, 25430700
47, 25780300
47, 27293700
47, 24930100
47, 24419800
47, 24601400
47, 27566600
47, 24860500
47, 25776200
47, 34257800
47, 24457200
47, 24945400
47, 24466500
47, 24431400
47, 24376900
47, 24511700
47, 24424200
47, 24801100
47, 24535600
47, 24388900
47, 24476600
47, 24417400
47, 24407200
47, 24458500
47, 24846700
47, 24383700
47, 24890100
47, 24863700
47, 24817900
48, 28862500
48, 27969500
48, 24587000
48, 24595700
48, 24427600
48, 24626400
48, 27311400
48, 24947900
48, 24528200
48, 25499100
48, 24785800
48, 24733900
48, 24528700
48, 24789100
48, 24560200
48, 24611700
48, 24442300
48, 24517200
48, 24434200
48, 26341300
48, 24897200
48, 25074300
48, 24555000
48, 24853000
48, 24494500
48, 24470600
48, 24444200
48, 24546300
48, 27046200
48, 24807000
48, 24542500
48, 25065000
48, 24475600
48, 24515600
48, 24798600
48, 24530300
48, 24605000
48, 24634500
48, 24426200
48, 24562500
48, 24526200
48, 24750600
48, 25173300
48, 24489300
48, 24729800
48, 24549900
48, 24495200
48, 24797800
48, 24589800
48, 25051600
49, 24445000
49, 24647900
49, 24481500
49, 24655400
49, 24377100
49, 24585500
49, 24480100
49, 24482700
49, 27864800
49, 24870900
49, 30106600
49, 24853500
49, 24449800
49, 25362500
49, 24974200
49, 25159600
49, 24458900
49, 25020800
49, 30082600
49, 25435700
49, 24519900
49, 25078900
49, 24554900
49, 24570700
49, 24501800
49, 24509300
49, 24536000
49, 24489300
49, 24471700
49, 24526900
49, 24569100
49, 24525900
49, 25314900
49, 24465900
49, 25494400
49, 24606900
49, 24571800
49, 24632500
49, 24497900
49, 29304100
49, 24430800
49, 24535100
49, 24486500
49, 25215900
49, 24658400
49, 27092800
49, 24978600
49, 24489100
49, 24466100
49, 28938000
50, 33593300
50, 26879100
50, 24327800
50, 24316900
50, 24429000
50, 25066700
50, 24671000
50, 25219000
50, 25213500
50, 24337500
50, 24469500
50, 24441900
50, 24439100
50, 24428200
50, 24442200
50, 24389000
50, 26822500
50, 24470700
50, 25029500
50, 25169000
50, 25091900
50, 24484400
50, 24440500
50, 25185400
50, 24604500
50, 24959600
50, 25470000
50, 24597600
50, 24587800
50, 24539400
50, 25080200
50, 31770700
50, 33178200
50, 24493800
50, 24494900
50, 24700400
50, 24583200
50, 24808900
50, 29086700
50, 33207100
50, 24563000
50, 24432200
50, 24429100
50, 24460500
50, 24457400
50, 24643300
50, 25680900
50, 27780300
50, 24304800
50, 24345500
51, 24243700
51, 25360400
51, 24477900
51, 24446300
51, 24469500
51, 24746000
51, 24591200
51, 24972600
51, 24528500
51, 30012400
51, 37863100
51, 24396000
51, 24519700
51, 24467700
51, 24422700
51, 25164200
51, 24387700
51, 24616500
51, 24898800
51, 24607700
51, 24404900
51, 24530100
51, 24925300
51, 24436500
51, 24489500
51, 24403100
51, 24420700
51, 24499700
51, 24911100
51, 24541400
51, 29641900
51, 25249500
51, 24511400
51, 24518900
51, 24459300
51, 24557700
51, 26346500
51, 29338700
51, 25948900
51, 25030300
51, 25197700
51, 24707700
51, 24508300
51, 24979200
51, 27549100
51, 24532500
51, 24461300
51, 24851300
51, 24550300
51, 24454300
52, 27493700
52, 24502000
52, 24561100
52, 24677400
52, 24828800
52, 26927600
52, 24602400
52, 24680600
52, 24429700
52, 25054800
52, 24577000
52, 29054900
52, 24464900
52, 24552200
52, 24607300
52, 24453900
52, 27565100
52, 32142600
52, 26975400
52, 26787900
52, 24687800
52, 24592800
52, 24586700
52, 24475800
52, 27180900
52, 30529400
52, 24654700
52, 24733000
52, 24539200
52, 25736100
52, 25297900
52, 24602500
52, 28539900
52, 24572900
52, 24576400
52, 24512900
52, 24521400
52, 24616700
52, 26345600
52, 24730500
52, 26191300
52, 24936300
52, 24633800
52, 25021000
52, 24475300
52, 24838200
52, 24620300
52, 25885700
52, 24431900
52, 24552200
53, 25041400
53, 25766600
53, 24799800
53, 24732100
53, 24969300
53, 24488200
53, 26160800
53, 27044500
53, 24575600
53, 24499200
53, 24536600
53, 24607500
53, 24561400
53, 24535600
53, 24497600
53, 26159300
53, 25404800
53, 24678900
53, 24677600
53, 24456100
53, 24695800
53, 24983100
53, 24925400
53, 24560600
53, 24642100
53, 24498500
53, 24534700
53, 24430200
53, 25012600
53, 27548100
53, 30382600
53, 24497600
53, 24635600
53, 24461000
53, 27429600
53, 24413200
53, 24886300
53, 24535700
53, 25672000
53, 27564000
53, 27646600
53, 25350500
53, 24505000
53, 25430400
53, 24593500
53, 27749700
53, 29754100
53, 26988900
53, 24667600
53, 24535900
54, 24662600
54, 24585400
54, 24981600
54, 24626800
54, 26270600
54, 24653600
54, 24638600
54, 24464500
54, 24538100
54, 24457300
54, 24626100
54, 24450600
54, 25463800
54, 27735900
54, 25313100
54, 24519700
54, 24774200
54, 25659400
54, 28283400
54, 24466800
54, 24470400
54, 24513800
54, 24559100
54, 26741600
54, 24511900
54, 25039800
54, 25530600
54, 24777300
54, 24816300
54, 24514400
54, 24801100
54, 24422800
54, 25002500
54, 25072200
54, 24957700
54, 24637200
54, 32957600
54, 24571500
54, 24966900
54, 24480000
54, 24596700
54, 24446200
54, 24555200
54, 24844700
54, 26427100
54, 28324600
54, 24571700
54, 24719000
54, 24539100
54, 24497200
55, 24523200
55, 25032200
55, 25117200
55, 24518800
55, 24476100
55, 24942500
55, 24689200
55, 24694100
55, 24504700
55, 24624700
55, 24544700
55, 24673100
55, 24467700
55, 24908700
55, 24531100
55, 24496900
55, 25005400
55, 24537400
55, 24729400
55, 24647200
55, 24663500
55, 24524900
55, 25029200
55, 24519900
55, 24608700
55, 24497900
55, 31244500
55, 25111000
55, 24549300
55, 24836100
55, 24597200
55, 24490500
55, 24424100
55, 27951000
55, 28923100
55, 24594200
55, 24490700
55, 24656900
55, 24880500
55, 24491400
55, 24559100
55, 24491000
55, 25151700
55, 24457900
55, 24475900
55, 24438200
55, 27544200
55, 26191000
55, 24591800
55, 24667800
56, 25063300
56, 24445600
56, 24517000
56, 24469100
56, 24513700
56, 24467700
56, 25104300
56, 24497000
56, 25409700
56, 24540300
56, 24564100
56, 24434600
56, 24794700
56, 26126600
56, 24416800
56, 25720600
56, 24723300
56, 30068600
56, 24849700
56, 25469800
56, 24721200
56, 24541600
56, 24532600
56, 24587700
56, 26812300
56, 24623900
56, 24558600
56, 24500400
56, 24726400
56, 24456700
56, 24596300
56, 28493100
56, 24571800
56, 25036500
56, 24556700
56, 24437800
56, 24613300
56, 24923900
56, 27744800
56, 24401800
56, 24822800
56, 24714800
56, 25784000
56, 28139800
56, 24451900
56, 24503700
56, 24532500
56, 24549300
56, 24708600
56, 25373200
57, 24488400
57, 24574700
57, 24476000
57, 25070400
57, 24522300
57, 30503400
57, 31922900
57, 28755100
57, 24677500
57, 24446200
57, 25399800
57, 24663800
57, 27520400
57, 34375500
57, 25462200
57, 24453200
57, 24383100
57, 24363000
57, 24651800
57, 24820200
57, 24378100
57, 24448100
57, 24412500
57, 24978600
57, 24410400
57, 24505500
57, 24432700
57, 24850600
57, 24821000
57, 24163000
57, 27390300
57, 24439400
57, 24970500
57, 24690900
57, 24529900
57, 25564800
57, 24518900
57, 24522500
57, 25714800
57, 24849000
57, 24539200
57, 24754000
57, 24646900
57, 25034400
57, 25504400
57, 25371000
57, 24953000
57, 24909300
57, 24538300
57, 24497100
58, 24569000
58, 24902900
58, 29836600
58, 27165500
58, 30428400
58, 24640500
58, 24617300
58, 27481600
58, 24473500
58, 24929800
58, 24698200
58, 24463500
58, 24437600
58, 25406500
58, 24518100
58, 24634000
58, 24467500
58, 24566800
58, 24453500
58, 24558300
58, 24482400
58, 25106200
58, 24489300
58, 24894300
58, 24668300
58, 24741200
58, 24517800
58, 28528400
58, 26611900
58, 25958300
58, 25029400
58, 27486800
58, 24834900
58, 29674300
58, 32911600
58, 24504700
58, 24428300
58, 24742000
58, 24434800
58, 24509900
58, 24410000
58, 25039600
58, 24589000
58, 24508900
58, 24549300
58, 24582900
58, 24420700
58, 24421300
58, 24450700
58, 24425500
59, 24381100
59, 24474300
59, 24460100
59, 24532300
59, 25101900
59, 24429800
59, 25244800
59, 24851800
59, 24554600
59, 24521800
59, 24509200
59, 24949800
59, 24485000
59, 24547500
59, 24437700
59, 25373300
59, 24731100
59, 24618500
59, 25570100
59, 24476600
59, 25013400
59, 24589200
59, 24382300
59, 26352900
59, 25570600
59, 27980200
59, 24477000
59, 24478500
59, 24517500
59, 24503400
59, 24503100
59, 24461100
59, 26743000
59, 24771800
59, 27375900
59, 24522300
59, 24503100
59, 25414900
59, 24532900
59, 24585100
59, 24558900
59, 26773200
59, 24445000
59, 26757300
59, 25672100
59, 24677900
59, 30334500
59, 30509700
59, 24569600
59, 24440600
60, 24937400
60, 24483400
60, 24500000
60, 24502200
60, 24468000
60, 25080800
60, 24354600
60, 24883400
60, 25739000
60, 24447800
60, 24500300
60, 24430700
60, 25285400
60, 26025800
60, 24375700
60, 25018500
60, 24454600
60, 24522500
60, 24413900
60, 24524900
60, 24418000
60, 24675900
60, 24305400
60, 24376000
60, 24248200
60, 24254900
60, 25016300
60, 24425200
60, 24464900
60, 24514100
60, 25011500
60, 24278000
60, 24292400
60, 24272300
60, 24218900
60, 24495200
60, 24848100
60, 24243300
60, 24263500
60, 24259500
60, 24389000
60, 26930000
60, 24373100
60, 24383700
60, 24422100
60, 24436400
60, 25065800
60, 24507800
60, 24724200
60, 24522700
61, 24923100
61, 24855500
61, 24986000
61, 24536300
61, 26442300
61, 24636200
61, 25367500
61, 24752800
61, 24656900
61, 24575700
61, 24473300
61, 24509100
61, 26316900
61, 24744400
61, 24596400
61, 24454700
61, 24466300
61, 24598000
61, 24994800
61, 24495400
61, 24599400
61, 24554900
61, 24845600
61, 24726100
61, 24580500
61, 24567800
61, 24540400
61, 25115000
61, 24586800
61, 24661500
61, 24478900
61, 24873500
61, 24448900
61, 24471400
61, 24569100
61, 24560700
61, 24460800
61, 24556600
61, 24576000
61, 24471300
61, 24502000
61, 24667400
61, 24609900
61, 25560400
61, 30612000
61, 24644300
61, 35596900
61, 25395300
61, 24461800
61, 24546800
62, 24447400
62, 24855700
62, 26147500
62, 28013600
62, 24502300
62, 25140300
62, 24480300
62, 24471400
62, 24449800
62, 24700100
62, 24401700
62, 28127600
62, 24318200
62, 24691200
62, 24959700
62, 25266300
62, 24531000
62, 30061800
62, 24647300
62, 31742800
62, 24313500
62, 27342200
62, 24461100
62, 27882800
62, 25060400
62, 25322500
62, 25446000
62, 26014100
62, 24521700
62, 25065100
62, 25012800
62, 24396000
62, 24447500
62, 31957400
62, 24944400
62, 24706200
62, 24642600
62, 25472100
62, 24712600
62, 24431800
62, 24510600
62, 26976900
62, 24741400
62, 24464300
62, 24562500
62, 24541900
62, 25398300
62, 24501400
62, 24551800
62, 24480300
63, 24452900
63, 24429000
63, 24448800
63, 24476600
63, 25139700
63, 24479000
63, 29485100
63, 25206900
63, 24759100
63, 24589600
63, 24524100
63, 28525200
63, 24493300
63, 24526700
63, 24461100
63, 24687300
63, 25246600
63, 24439300
63, 24426200
63, 27118000
63, 24359400
63, 25044300
63, 24439400
63, 30050000
63, 24726400
63, 36231300
63, 27753700
63, 25453000
63, 24600000
63, 24478000
63, 26553100
63, 26929200
63, 24922300
63, 24388600
63, 24556200
63, 24655200
63, 25165700
63, 24347600
63, 24428100
63, 25308700
63, 24147700
63, 24251300
63, 25083700
63, 26125400
63, 24509100
63, 24477900
63, 24468900
63, 24925400
63, 25242500
63, 24521200
64, 24497000
64, 24485000
64, 27261900
64, 29308800
64, 25110100
64, 24725500
64, 24492700
64, 24684500
64, 24547500
64, 24582100
64, 24575900
64, 25033000
64, 29308900
64, 24511500
64, 25218200
64, 31749700
64, 24737000
64, 24682100
64, 25594800
64, 24884900
64, 26785500
64, 30514700
64, 24560100
64, 25058100
64, 24526000
64, 25276800
64, 24509400
64, 24506100
64, 24588100
64, 24460900
64, 24615700
64, 24474100
64, 24581300
64, 24678500
64, 24616600
64, 27069800
64, 24568300
64, 24525300
64, 26239200
64, 24598000
64, 27948400
64, 24610300
64, 24597700
64, 24775000
64, 24489400
64, 24583000
64, 24925600
64, 24661800
64, 24423600
64, 24494400
65, 24880000
65, 33379200
65, 31817500
65, 29483200
65, 24245800
65, 25122100
65, 24456900
65, 24427800
65, 24722900
65, 24782800
65, 24638000
65, 24454500
65, 24458600
65, 24468400
65, 24457600
65, 24613200
65, 24464800
65, 24441700
65, 24548300
65, 24949800
65, 24504700
65, 24561700
65, 24480900
65, 24913200
65, 25126700
65, 24627800
65, 24521800
65, 24912100
65, 24589100
65, 25126800
65, 24758500
65, 24674400
65, 24409500
65, 25270100
65, 24477400
65, 24630100
65, 24421200
65, 24910900
65, 24505800
65, 24585400
65, 24818000
65, 29225700
65, 24789200
65, 24795600
65, 24493100
65, 24823300
65, 24553100
65, 25296900
65, 24814300
65, 27276600
66, 24788200
66, 24564200
66, 24870000
66, 24682700
66, 24547800
66, 24564900
66, 24710200
66, 24559800
66, 24486400
66, 24524400
66, 24421800
66, 24826800
66, 24519000
66, 24458900
66, 24518400
66, 30601600
66, 24590000
66, 24523300
66, 24444800
66, 25040000
66, 24479400
66, 24412100
66, 24612300
66, 26600600
66, 27967800
66, 27381100
66, 24841700
66, 24542700
66, 24634900
66, 24548800
66, 27225400
66, 28286200
66, 24446800
66, 28777700
66, 25383700
66, 29292400
66, 24677400
66, 24777600
66, 26958300
66, 26277500
66, 24494300
66, 24615200
66, 24491800
66, 24538000
66, 24870900
66, 24573800
66, 24571000
66, 24969200
66, 24741900
66, 24388200
67, 24483700
67, 24606300
67, 24600200
67, 24408700
67, 24773000
67, 24507000
67, 24876400
67, 24466300
67, 27746700
67, 24899100
67, 25040000
67, 24463300
67, 24477600
67, 25126400
67, 25279100
67, 24841500
67, 28622500
67, 24781300
67, 24562200
67, 24491200
67, 25790400
67, 24493700
67, 24895300
67, 24939000
67, 24596900
67, 24563500
67, 24618900
67, 24602200
67, 26243000
67, 31103100
67, 27042900
67, 24543900
67, 24878700
67, 24466700
67, 25019000
67, 24414000
67, 25156800
67, 24521700
67, 24675000
67, 24444600
67, 24488000
67, 24758600
67, 24826100
67, 24491200
67, 25331200
67, 24692700
67, 24878400
67, 24473700
67, 24464300
67, 24993000
68, 24533300
68, 25017300
68, 24482500
68, 24515900
68, 24646400
68, 24486200
68, 24432800
68, 24759400
68, 26209500
68, 24667100
68, 29833000
68, 24542000
68, 24558900
68, 28678500
68, 28028800
68, 24529700
68, 24440900
68, 24809600
68, 26041200
68, 28850200
68, 27946700
68, 29413800
68, 37836400
68, 36568300
68, 24572200
68, 24549300
68, 24730900
68, 25970900
68, 26879500
68, 25165600
68, 24407800
68, 24562500
68, 25345000
68, 24678900
68, 25088400
68, 24275600
68, 24792400
68, 24200800
68, 25698100
68, 24480000
68, 24448700
68, 25102400
68, 24697300
68, 24859100
68, 24588400
68, 24541900
68, 24518500
68, 25458400
68, 29463700
68, 25744000
69, 24652100
69, 25256600
69, 24693000
69, 25436100
69, 25804800
69, 24562300
69, 28773500
69, 24718600
69, 25532600
69, 24855500
69, 25076500
69, 26076400
69, 24607300
69, 24433700
69, 25919400
69, 25558700
69, 24513300
69, 25203200
69, 24810600
69, 25534500
69, 24636700
69, 24453200
69, 25465700
69, 24593600
69, 26075100
69, 24431200
69, 25645100
69, 24761900
69, 26161100
69, 26116700
69, 27359800
69, 28092400
69, 27440200
69, 24409200
69, 24986900
69, 26770000
69, 25378500
69, 31876500
69, 25630400
69, 25025300
69, 26334000
69, 24569600
69, 24569700
69, 25225500
69, 25074000
69, 26971900
69, 25016400
69, 27396200
69, 28062200
69, 25741500
70, 24409600
70, 24361400
70, 26155800
70, 26306000
70, 24410300
70, 25096600
70, 24548700
70, 25732700
70, 25793600
70, 24242000
70, 26640100
70, 24474900
70, 25959300
70, 24438400
70, 24747000
70, 24432400
70, 25808700
70, 25062200
70, 25407600
70, 24443800
70, 25900900
70, 25950300
70, 32064700
70, 28092600
70, 24643700
70, 25817100
70, 28638400
70, 24490100
70, 24871800
70, 24396300
70, 25442100
70, 24497000
70, 24762600
70, 25142800
70, 24765300
70, 24985900
70, 26111700
70, 24412500
70, 24384900
70, 24745900
70, 24487200
70, 25121100
70, 24188800
70, 25175100
70, 24357100
70, 24289800
70, 24737500
70, 24327900
70, 24399100
70, 24405100
71, 24512800
71, 31155000
71, 41449000
71, 30244400
71, 25979400
71, 24461200
71, 24234400
71, 24395600
71, 24442800
71, 24503800
71, 24306200
71, 24389700
71, 24442400
71, 24469500
71, 24384200
71, 24991100
71, 25254200
71, 24483400
71, 24412500
71, 24322700
71, 24451900
71, 24440400
71, 24446900
71, 25183600
71, 24323800
71, 25061300
71, 24703400
71, 24940300
71, 24098700
71, 24295200
71, 25607900
71, 24668100
71, 24294800
71, 24469400
71, 24432300
71, 24496900
71, 24420800
71, 24420600
71, 24460500
71, 27204400
71, 24743300
71, 25070500
71, 24729900
71, 24548800
71, 28522400
71, 24918200
71, 24485300
71, 24758200
71, 24493400
71, 25373400
72, 24617000
72, 25072800
72, 24847900
72, 28240900
72, 24539200
72, 24456200
72, 28962600
72, 24583000
72, 24431800
72, 24996200
72, 24503100
72, 33094800
72, 31957600
72, 28038400
72, 24926000
72, 24572500
72, 24450500
72, 24412100
72, 24394200
72, 24478400
72, 24972400
72, 25355400
72, 25116800
72, 24214000
72, 25218700
72, 25700500
72, 24394800
72, 24496700
72, 24440700
72, 25527500
72, 24361800
72, 24297600
72, 24363000
72, 25238900
72, 24701900
72, 24754300
72, 24292700
72, 24477800
72, 25191800
72, 28782600
72, 26976600
72, 24409000
72, 24396200
72, 24391800
72, 24484000
72, 26132600
72, 24354900
72, 27074300
72, 24393300
72, 24561600
73, 24696300
73, 24468900
73, 24388100
73, 25451000
73, 24453800
73, 24563100
73, 24887400
73, 24558500
73, 24482600
73, 24487900
73, 24412100
73, 24616500
73, 24673100
73, 24429500
73, 24402200
73, 24470300
73, 24458700
73, 24395800
73, 24436100
73, 24415900
73, 24478800
73, 24409800
73, 24449700
73, 24376400
73, 24449300
73, 24435700
73, 24383100
73, 24433700
73, 24861300
73, 25249400
73, 24598900
73, 24566000
73, 24992400
73, 24527900
73, 24668600
73, 25649300
73, 24436800
73, 24543300
73, 24725800
73, 24562400
73, 24477000
73, 24499300
73, 30101100
73, 28560600
73, 25628000
73, 24732600
73, 24682700
73, 24477800
73, 24451000
73, 24941800
74, 25121900
74, 24565500
74, 25017100
74, 24530000
74, 24575300
74, 24544300
74, 24472100
74, 24528900
74, 24449300
74, 24480700
74, 27300300
74, 24921500
74, 24446000
74, 24799800
74, 24491400
74, 24689800
74, 24697500
74, 24445300
74, 24475700
74, 24724600
74, 24808300
74, 24585500
74, 25169100
74, 27245800
74, 28170900
74, 39465600
74, 24574300
74, 25590000
74, 24425700
74, 24698000
74, 24464600
74, 24562600
74, 24564800
74, 24410400
74, 24446700
74, 24337400
74, 24285500
74, 25233100
74, 24275700
74, 24334000
74, 24414900
74, 24472800
74, 24724900
74, 25193700
74, 24517400
74, 24495200
74, 24468700
74, 24430900
74, 24467700
74, 24807300
75, 24616300
75, 24478800
75, 24486900
75, 24467400
75, 24598100
75, 25007400
75, 24665000
75, 24417500
75, 24779400
75, 25289900
75, 24541000
75, 24397900
75, 24699500
75, 24926500
75, 25169800
75, 31374100
75, 24975700
75, 24433900
75, 24639200
75, 24465800
75, 24581900
75, 24535500
75, 26469900
75, 30105300
75, 24923300
75, 25082200
75, 25149300
75, 24403200
75, 24374600
75, 24350200
75, 24514300
75, 24400700
75, 24383800
75, 24363000
75, 25480400
75, 24720400
75, 24819100
75, 24471400
75, 24448600
75, 24842200
75, 24450200
75, 24428500
75, 24389200
75, 24499200
75, 24610200
75, 24527700
75, 24487000
75, 24553100
75, 24781200
75, 24572700
76, 24580700
76, 24459500
76, 24337300
76, 24681500
76, 24743700
76, 32423200
76, 26474100
76, 24587900
76, 24462500
76, 26152300
76, 24835100
76, 24411200
76, 24725600
76, 27002200
76, 24736600
76, 39989900
76, 31410300
76, 25025900
76, 25057900
76, 24462900
76, 27126100
76, 24827700
76, 24396800
76, 24596000
76, 24930400
76, 26217800
76, 25368200
76, 24824500
76, 25219100
76, 26136300
76, 25164100
76, 25264500
76, 28700000
76, 28504200
76, 24482300
76, 28059600
76, 24280200
76, 24421800
76, 24872700
76, 24313200
76, 24305500
76, 24318500
76, 24199200
76, 25018500
76, 24911500
76, 24452100
76, 24812700
76, 24520900
76, 24410900
76, 24403000
77, 24407500
77, 27101100
77, 25087400
77, 24607900
77, 26217900
77, 24493000
77, 25032900
77, 24746200
77, 24457600
77, 27091000
77, 24881800
77, 24420100
77, 24387700
77, 24332600
77, 24519800
77, 24556000
77, 24557200
77, 24638000
77, 26152900
77, 24653300
77, 24196700
77, 24361500
77, 24549900
77, 25441900
77, 24430400
77, 24402300
77, 24445700
77, 26800900
77, 24466600
77, 24410800
77, 24417300
77, 24422300
77, 24452000
77, 24785500
77, 25988900
77, 24407900
77, 24470900
77, 24437100
77, 24486500
77, 24505000
77, 24415600
77, 24432900
77, 24921500
77, 24291500
77, 24611200
77, 24476600
77, 24812900
77, 24456000
77, 24606400
77, 24412900
78, 24433300
78, 24411200
78, 24627300
78, 24409500
78, 24433400
78, 24480400
78, 24357700
78, 24481600
78, 24420400
78, 24463000
78, 24840300
78, 24657700
78, 24531100
78, 24770700
78, 24477600
78, 24731900
78, 24570700
78, 24536600
78, 24755100
78, 25243400
78, 24534900
78, 24983600
78, 24784800
78, 24628000
78, 25849500
78, 27924300
78, 25102600
78, 24595900
78, 24514800
78, 24500200
78, 24488000
78, 24887900
78, 24755600
78, 26743500
78, 24746000
78, 24738600
78, 24530500
78, 24631500
78, 24632600
78, 24983200
78, 24610200
78, 24440400
78, 24536700
78, 24427400
78, 24535700
78, 25151300
78, 24582000
78, 24902300
78, 24579900
78, 29676900
79, 25486000
79, 24473800
79, 24613000
79, 25087000
79, 24699800
79, 24754800
79, 24610900
79, 24908300
79, 26609000
79, 28546700
79, 24722800
79, 24395200
79, 24633800
79, 24453300
79, 27092300
79, 37496400
79, 33650500
79, 24703200
79, 24665200
79, 28192000
79, 24523200
79, 24525500
79, 26776800
79, 24649800
79, 25335900
79, 24174100
79, 24234000
79, 28271800
79, 24910900
79, 24605000
79, 24580600
79, 26650900
79, 24356300
79, 24387100
79, 24453900
79, 24429200
79, 24773700
79, 24443400
79, 24659500
79, 24713800
79, 24522800
79, 24499500
79, 24609000
79, 28957600
79, 25679200
79, 24530100
79, 24641100
79, 24791100
79, 25207300
79, 24441500
80, 24485700
80, 25649800
80, 24465800
80, 28793100
80, 27450400
80, 24875400
80, 25161900
80, 24645100
80, 24550500
80, 24462500
80, 24489400
80, 26977000
80, 24729300
80, 24603700
80, 24563200
80, 24840500
80, 24595100
80, 24924500
80, 24659200
80, 25205600
80, 26387300
80, 24575000
80, 24468200
80, 24535700
80, 24547200
80, 24444600
80, 24893200
80, 24972500
80, 24545300
80, 24572200
80, 24923100
80, 24515500
80, 24525300
80, 24503000
80, 27851600
80, 24469500
80, 24816400
80, 25023100
80, 24511800
80, 24571400
80, 24461800
80, 24516000
80, 24780000
80, 29886100
80, 24601300
80, 24575100
80, 24589400
80, 24554400
80, 24962100
80, 24499700
81, 26526200
81, 26082600
81, 25104500
81, 24634900
81, 24838600
81, 24524700
81, 24451500
81, 24881700
81, 24601700
81, 25352500
81, 24458800
81, 24523600
81, 24395700
81, 24432500
81, 24537300
81, 24494400
81, 24450200
81, 25143400
81, 24893000
81, 24705500
81, 24584200
81, 24450000
81, 24487800
81, 24441600
81, 24468900
81, 24437300
81, 24440800
81, 24608900
81, 24541100
81, 25901700
81, 24656500
81, 24490600
81, 24576900
81, 28985000
81, 24480300
81, 24430700
81, 24592500
81, 24612800
81, 24548200
81, 24902300
81, 24504800
81, 26887700
81, 24791700
81, 24573100
81, 24702600
81, 24482800
81, 24431900
81, 24464800
81, 24467200
81, 24403700
82, 29550800
82, 25053300
82, 24647600
82, 24460900
82, 24964300
82, 24506100
82, 24478500
82, 24913800
82, 27427100
82, 24938200
82, 24420600
82, 24502200
82, 24455000
82, 24574400
82, 24458000
82, 24779300
82, 24804100
82, 24568400
82, 24396800
82, 24540700
82, 24583700
82, 24745700
82, 34176700
82, 30020700
82, 24545800
82, 24443700
82, 24475500
82, 24888500
82, 27753100
82, 24863300
82, 28424700
82, 26090000
82, 26760000
82, 40789100
82, 32931900
82, 24711900
82, 24508100
82, 25663400
82, 26538000
82, 24841300
82, 24520900
82, 25179200
82, 24580100
82, 24438100
82, 24373100
82, 24406200
82, 24449900
82, 24480300
82, 24537600
82, 24406700
83, 24415600
83, 24380700
83, 27915300
83, 24458100
83, 24387300
83, 24509700
83, 24810700
83, 24472600
83, 25047400
83, 24697000
83, 24504200
83, 26073200
83, 28014400
83, 24655900
83, 24970500
83, 24528500
83, 24563600
83, 33813500
83, 25059400
83, 25475900
83, 25414000
83, 28971300
83, 26409900
83, 24727100
83, 24511800
83, 24502300
83, 24803000
83, 24669300
83, 24620200
83, 24612300
83, 25179800
83, 24518500
83, 24562200
83, 24821600
83, 24630300
83, 24542300
83, 24857600
83, 24576000
83, 24817300
83, 25272600
83, 24462700
83, 24564100
83, 24398400
83, 24516600
83, 24484800
83, 24576500
83, 24431000
83, 24455500
83, 24444200
83, 24651200
84, 24409700
84, 27211200
84, 27637400
84, 24894800
84, 24971600
84, 24568700
84, 24592500
84, 24510700
84, 24514700
84, 29111100
84, 25706300
84, 24503300
84, 26395700
84, 24844800
84, 24463700
84, 24752000
84, 24467600
84, 24532500
84, 24451400
84, 24635500
84, 24676200
84, 24483500
84, 24428100
84, 25089600
84, 24400200
84, 27750300
84, 25227600
84, 24634500
84, 24474800
84, 24665500
84, 25124500
84, 24675900
84, 24840300
84, 27451500
84, 24418100
84, 24625600
84, 24397600
84, 24441200
84, 25578800
84, 24549500
84, 24561400
84, 28681700
84, 24563100
84, 24432600
84, 24612100
84, 24666100
84, 24868500
84, 24584100
84, 24637600
84, 24505500
85, 27547600
85, 24601300
85, 24962200
85, 32499500
85, 24451300
85, 24445500
85, 24526600
85, 24503800
85, 24485900
85, 24506600
85, 24688500
85, 24489100
85, 24827300
85, 24979100
85, 24497700
85, 24550700
85, 27629300
85, 28597700
85, 24650300
85, 24859700
85, 24623900
85, 25022600
85, 25049400
85, 24454800
85, 24973600
85, 27798500
85, 26892000
85, 24592800
85, 24468000
85, 24593500
85, 24479000
85, 29898000
85, 24663300
85, 24480100
85, 24683000
85, 24627800
85, 24835400
85, 24443400
85, 24987000
85, 30517600
85, 25501000
85, 25759300
85, 24628400
85, 27598400
85, 24437400
85, 24497000
85, 24570700
85, 24535500
85, 24751200
85, 24773100
86, 25048800
86, 24497700
86, 25292600
86, 24997600
86, 25165700
86, 24672100
86, 28316400
86, 45451500
86, 33934200
86, 27282900
86, 26975800
86, 29671300
86, 24801700
86, 24389800
86, 24435300
86, 25279300
86, 24895600
86, 24453800
86, 24395000
86, 25144000
86, 24406100
86, 24347200
86, 25405400
86, 24144900
86, 24206000
86, 24200200
86, 24256200
86, 24947200
86, 24529300
86, 25314900
86, 31944800
86, 27118100
86, 24891800
86, 24587600
86, 24887200
86, 24760700
86, 24464500
86, 24490100
86, 24418200
86, 24938500
86, 24436000
86, 24473400
86, 25112700
86, 24521400
86, 24526600
86, 24503100
86, 24644600
86, 24817000
86, 25640600
86, 24557000
87, 30363200
87, 24995100
87, 25110700
87, 24422800
87, 24449500
87, 24428000
87, 25827700
87, 24526300
87, 27152100
87, 28926400
87, 24745600
87, 24541000
87, 24545400
87, 24493100
87, 24487400
87, 24526500
87, 25302300
87, 31243900
87, 30049000
87, 24512700
87, 29639100
87, 25193500
87, 24465200
87, 24513800
87, 25249200
87, 24481000
87, 24544300
87, 24577600
87, 24518300
87, 24719300
87, 27291300
87, 28669000
87, 25674000
87, 24480800
87, 24855800
87, 24430500
87, 24464400
87, 24968300
87, 24575000
87, 28188900
87, 24591900
87, 25650600
87, 24789600
87, 24549600
87, 24455000
87, 29318500
87, 24661500
87, 27333200
87, 24485300
87, 24553100
88, 24751000
88, 24561500
88, 24587700
88, 24521700
88, 24491400
88, 27217600
88, 25230100
88, 25399700
88, 24710800
88, 24509000
88, 24659000
88, 24465300
88, 25366200
88, 24697300
88, 24528500
88, 24496700
88, 24577500
88, 29263200
88, 29980400
88, 24991100
88, 24498100
88, 24502300
88, 24484400
88, 24748000
88, 24473600
88, 24434200
88, 24501100
88, 26859500
88, 24467000
88, 24781600
88, 27997900
88, 24623500
88, 25179300
88, 25367800
88, 24606400
88, 24558300
88, 24606600
88, 32207100
88, 30833500
88, 24730500
88, 24667400
88, 25042000
88, 24508400
88, 24704500
88, 29907200
88, 28656100
88, 25879700
88, 30265400
88, 31534100
88, 24681400
89, 24763800
89, 25981400
89, 33440600
89, 24521000
89, 24425000
89, 24606500
89, 24870300
89, 24168400
89, 24654800
89, 24697100
89, 24294200
89, 24531300
89, 25215700
89, 24527000
89, 24550100
89, 24528800
89, 28019400
89, 25748000
89, 24556500
89, 25215400
89, 24449400
89, 25297300
89, 24517300
89, 27804100
89, 25435700
89, 28605800
89, 26536100
89, 24483400
89, 24620900
89, 24885800
89, 24944200
89, 24477400
89, 28360400
89, 26252800
89, 24881000
89, 24539900
89, 31033000
89, 27493400
89, 27222600
89, 24428600
89, 25059300
89, 24892400
89, 24543700
89, 24408500
89, 24749700
89, 24526400
89, 24465600
89, 24485100
89, 24540700
89, 24411400
90, 24488800
90, 24442800
90, 24458500
90, 24454300
90, 24865700
90, 24195300
90, 25007800
90, 24319700
90, 25613800
90, 24761900
90, 24417800
90, 24990000
90, 24590200
90, 24468200
90, 24472100
90, 32008500
90, 25729700
90, 24699400
90, 24556200
90, 24563800
90, 24581400
90, 24419000
90, 24548800
90, 26135500
90, 24762400
90, 28793800
90, 24805400
90, 29609300
90, 27503700
90, 24612200
90, 24478000
90, 25009300
90, 24495800
90, 24459800
90, 24411800
90, 24563700
90, 24403500
90, 24902200
90, 24755800
90, 24512600
90, 25191700
90, 24524500
90, 24650500
90, 24951400
90, 24532500
90, 24406900
90, 24402100
90, 24550800
90, 24602700
90, 24822100
91, 24424100
91, 24958000
91, 24430100
91, 25700900
91, 24513300
91, 30353100
91, 24687900
91, 24713000
91, 25060300
91, 24609200
91, 24525300
91, 24526300
91, 24644600
91, 26589800
91, 24843000
91, 24964300
91, 24790400
91, 30540800
91, 28302800
91, 24681900
91, 24533800
91, 25152800
91, 24502800
91, 24557500
91, 24457600
91, 24679400
91, 24433000
91, 24861700
91, 24838100
91, 24675200
91, 32039000
91, 27734400
91, 24552700
91, 24952800
91, 28310700
91, 24439800
91, 24415500
91, 27783200
91, 24394800
91, 28641200
91, 26932400
91, 25280200
91, 25208400
91, 26359900
91, 29301900
91, 24534200
91, 24662300
91, 24633400
91, 28776400
91, 25257600
92, 24626600
92, 24885600
92, 26491700
92, 24524300
92, 27719200
92, 24450700
92, 28774900
92, 32522000
92, 24551000
92, 24505500
92, 28377100
92, 24488100
92, 24507800
92, 25367900
92, 24430200
92, 24419400
92, 24531000
92, 24583100
92, 24555500
92, 24843100
92, 24645800
92, 24564300
92, 25096100
92, 26778800
92, 24722400
92, 26679300
92, 24659500
92, 24953600
92, 24548700
92, 24511700
92, 24725300
92, 25557500
92, 24437500
92, 33868300
92, 36977200
92, 37249200
92, 35494600
92, 35823200
92, 36411900
92, 31798600
92, 24632400
92, 32503500
92, 24600700
92, 24643600
92, 25994100
92, 24703600
92, 24793800
92, 24881300
92, 30975700
92, 25265100
93, 24700700
93, 24619400
93, 24681800
93, 25266800
93, 25734400
93, 26089400
93, 31965300
93, 25418700
93, 25685100
93, 25951200
93, 25361200
93, 25239900
93, 24888100
93, 31790900
93, 25150200
93, 24773100
93, 24738500
93, 25085200
93, 27763600
93, 25606300
93, 28216400
93, 28676300
93, 25771600
93, 25716100
93, 24701600
93, 24939200
93, 26469700
93, 27879000
93, 32280300
93, 24558000
93, 24453400
93, 24611900
93, 24746100
93, 27071500
93, 24391200
93, 25023900
93, 25153800
93, 24455500
93, 24511800
93, 24433500
93, 24346500
93, 24331300
93, 24421600
93, 24570800
93, 24996700
93, 24374200
93, 25116600
93, 24525000
93, 24538000
93, 24550800
94, 26202800
94, 24781600
94, 24654700
94, 24426300
94, 24452700
94, 24438900
94, 24478100
94, 27051400
94, 28636400
94, 24727400
94, 24405300
94, 24302700
94, 24580400
94, 24609700
94, 24620300
94, 24429400
94, 26249400
94, 24695300
94, 24988300
94, 24844800
94, 27863000
94, 25240600
94, 26585300
94, 24871100
94, 24531900
94, 25328900
94, 24771800
94, 24534400
94, 29051100
94, 24271200
94, 24381500
94, 24677500
94, 24412700
94, 24339900
94, 25006600
94, 24871900
94, 24373200
94, 29818900
94, 24468800
94, 24369500
94, 30434700
94, 25682800
94, 24497000
94, 24858100
94, 24441300
94, 24382100
94, 24358400
94, 30143800
94, 24949200
94, 24399600
95, 24469700
95, 24537200
95, 24300100
95, 24465200
95, 24388900
95, 26464600
95, 24579800
95, 24342800
95, 39050200
95, 34305300
95, 24424600
95, 30777000
95, 25080100
95, 30483300
95, 24326800
95, 24461300
95, 24494600
95, 24434300
95, 24452400
95, 24459400
95, 25208400
95, 24293700
95, 24361800
95, 24669500
95, 24489700
95, 25363800
95, 24890400
95, 24204900
95, 24291400
95, 24569000
95, 25030600
95, 24297000
95, 24381700
95, 24607100
95, 24462300
95, 24422300
95, 24894800
95, 25064700
95, 24339300
95, 24317600
95, 24467300
95, 24686200
95, 24415600
95, 24429500
95, 24789300
95, 25051400
95, 24668500
95, 30020600
95, 24472800
95, 24716000
96, 24291500
96, 35851600
96, 25336800
96, 24899500
96, 24569900
96, 24296600
96, 24366400
96, 24454100
96, 25058500
96, 24379000
96, 24461200
96, 24430900
96, 24340100
96, 24434200
96, 24517300
96, 24540700
96, 24374800
96, 24414100
96, 24375600
96, 25149200
96, 31057900
96, 27698100
96, 24367700
96, 26469800
96, 24311700
96, 27247200
96, 29566000
96, 25852800
96, 25047000
96, 24466300
96, 24640900
96, 24391600
96, 24461100
96, 24445000
96, 24817900
96, 24452400
96, 24450100
96, 25187100
96, 24776000
96, 27103300
96, 24421900
96, 24434900
96, 24407600
96, 24448900
96, 27338300
96, 24335300
96, 24508300
96, 24464300
96, 24513500
96, 24497000
97, 24413100
97, 24707400
97, 24371700
97, 26866600
97, 24545700
97, 26549300
97, 24369300
97, 27031000
97, 24420900
97, 25552600
97, 24340200
97, 24896700
97, 24270000
97, 24401000
97, 24285900
97, 25413400
97, 28463700
97, 25755300
97, 24325900
97, 24353400
97, 24881800
97, 24461200
97, 24306600
97, 24309700
97, 26190300
97, 24668500
97, 24341500
97, 24776200
97, 24318100
97, 24414500
97, 24350100
97, 24380000
97, 24252900
97, 24436700
97, 24654600
97, 24305300
97, 24321300
97, 24292600
97, 24961400
97, 24415200
97, 24800200
97, 24920300
97, 28700000
97, 25994200
97, 24417000
97, 24402900
97, 24458700
97, 24334200
97, 24289800
97, 27364100
98, 24507800
98, 26392000
98, 29597600
98, 24500100
98, 24282400
98, 25656200
98, 32755400
98, 24266300
98, 24659300
98, 24989600
98, 24381100
98, 24912300
98, 24431400
98, 24461800
98, 25008200
98, 24471900
98, 24451400
98, 24434700
98, 24488300
98, 24407800
98, 24519400
98, 24538000
98, 24401200
98, 24788200
98, 24369200
98, 24267300
98, 24353800
98, 25058600
98, 24336700
98, 24298100
98, 24560200
98, 24793200
98, 24728400
98, 24431300
98, 24651500
98, 24492600
98, 24860200
98, 24552200
98, 24317300
98, 24984200
98, 24256900
98, 24670300
98, 24305600
98, 24870700
98, 24293100
98, 24367900
98, 27556000
98, 24359600
98, 24265900
98, 24359700
99, 24658000
99, 24249500
99, 25891200
99, 24344400
99, 26292600
99, 24507000
99, 24324100
99, 24352700
99, 24442000
99, 24292300
99, 24327500
99, 24258400
99, 24442600
99, 24292200
99, 24897800
99, 24290100
99, 24447800
99, 24295400
99, 24304100
99, 24243100
99, 24391800
99, 24354600
99, 27102600
99, 25264000
99, 24749300
99, 24664000
99, 24413600
99, 24759600
99, 24364300
99, 24879900
99, 24415800
99, 27331300
99, 24480500
99, 24277600
99, 24262000
99, 24831200
99, 25953200
99, 28135400
99, 24287500
99, 24627600
99, 24305200
99, 24683800
99, 24371300
99, 24881400
99, 24410900
99, 31782600
99, 24494200
99, 24356200
99, 24422500
99, 26510200
100, 24326400
100, 24644200
100, 27237100
100, 27312300
100, 24457900
100, 24296600
100, 24352100
100, 24513600
100, 24252100
100, 24269300
100, 24345700
100, 24443500
100, 24370400
100, 24699400
100, 25066000
100, 24382100
100, 30460200
100, 24468100
100, 24367900
100, 24981900
100, 24488800
100, 24351600
100, 24698800
100, 24366900
100, 24317400
100, 24278300
100, 28510200
100, 24985000
100, 24401500
100, 24263200
100, 24371900
100, 24657800
100, 24391900
100, 24278800
100, 26753500
100, 24742800
100, 24574700
100, 24818400
100, 24749200
100, 24459300
100, 24362300
100, 24324000
100, 24418200
100, 24343600
100, 24532000
100, 24477200
100, 24316300
100, 24370600
100, 24368900
100, 24309600
