0, 29200200
0, 25266500
0, 25352400
0, 25092800
0, 25135800
0, 25166900
0, 25440400
0, 25215100
0, 25706300
0, 25064400
0, 25273800
0, 25255000
0, 25500100
0, 25282500
0, 25275600
0, 25149800
0, 26204100
0, 25652900
0, 25479200
0, 25262900
0, 25163200
0, 25186500
0, 25230600
0, 25209400
0, 25346000
0, 26064300
0, 25645700
0, 25776000
0, 31312900
0, 25827600
0, 26237600
0, 25522400
0, 26051600
0, 25885500
0, 25854000
0, 25567300
0, 25601400
0, 25655600
0, 25748500
0, 31354800
0, 28571200
0, 25181600
0, 25474100
0, 25101800
0, 25051200
0, 25065700
0, 25099100
0, 25565300
0, 25435400
0, 25309600
1, 25222300
1, 25354100
1, 25289600
1, 25192500
1, 25381500
1, 25286100
1, 25225800
1, 25283600
1, 25228400
1, 25285800
1, 25402800
1, 28583700
1, 25118500
1, 25139000
1, 25211500
1, 25166700
1, 25583100
1, 25750900
1, 25331200
1, 25212700
1, 26115300
1, 25727700
1, 28652500
1, 25075300
1, 28713300
1, 25393500
1, 25740700
1, 26724500
1, 25517200
1, 25206400
1, 25233700
1, 25183400
1, 25220500
1, 25383800
1, 25301800
1, 25872400
1, 25391600
1, 25263900
1, 25215700
1, 25591200
1, 25313400
1, 25419200
1, 25142600
1, 25046900
1, 25260400
1, 25066500
1, 25177800
1, 25007200
1, 25111400
1, 25059500
2, 25175600
2, 25082000
2, 25239800
2, 25171100
2, 25572700
2, 25542000
2, 26102300
2, 25636900
2, 25611500
2, 28739400
2, 25850200
2, 26571400
2, 25758900
2, 25578300
2, 27279500
2, 30941700
2, 27806100
2, 30770900
2, 25313000
2, 30124500
2, 25446000
2, 25007700
2, 24998600
2, 25462600
2, 25580600
2, 25728700
2, 25309900
2, 25100100
2, 25262700
2, 25232200
2, 25358100
2, 25275400
2, 25331100
2, 26221500
2, 25340400
2, 25691500
2, 25779400
2, 25553300
2, 25579300
2, 30342000
2, 37909400
2, 26247400
2, 25999700
2, 25046100
2, 25366800
2, 26194100
2, 25989100
2, 25139600
2, 25325000
2, 25329500
3, 25422900
3, 25251200
3, 25556400
3, 25529400
3, 27002300
3, 27993100
3, 26614500
3, 25670900
3, 25466900
3, 25198600
3, 25846500
3, 25364800
3, 25795400
3, 25507000
3, 25587400
3, 25260000
3, 25152400
3, 25153700
3, 25502500
3, 25184300
3, 25294000
3, 25228100
3, 25285000
3, 25184300
3, 25445200
3, 25279000
3, 25158100
3, 25159700
3, 25163600
3, 25276300
3, 25466300
3, 25145700
3, 26045800
3, 26040600
3, 26030800
3, 25267600
3, 25311800
3, 25154600
3, 25498200
3, 25924100
3, 25369700
3, 25173000
3, 25144200
3, 25011700
3, 28259300
3, 25342200
3, 25150900
3, 25308200
3, 25250300
3, 25112700
4, 25352900
4, 25183100
4, 25677300
4, 25271800
4, 25306700
4, 25407700
4, 25490600
4, 25105400
4, 25162700
4, 25274000
4, 25436700
4, 25104200
4, 25191100
4, 25166100
4, 25158800
4, 25199900
4, 25549800
4, 25251700
4, 28817900
4, 25323200
4, 25154700
4, 25266200
4, 25478600
4, 25119400
4, 25480600
4, 25290000
4, 25136400
4, 25250500
4, 25466400
4, 26913400
4, 25349900
4, 25204200
4, 25179500
4, 28198100
4, 26024400
4, 25961200
4, 26762700
4, 26189900
4, 26177300
4, 33744200
4, 27212300
4, 25705800
4, 25278000
4, 28847100
4, 25506000
4, 25206200
4, 25265200
4, 25070700
4, 26142200
4, 25392400
5, 24983400
5, 25195300
5, 25411200
5, 26158900
5, 25159400
5, 25286700
5, 25387900
5, 25255600
5, 25362000
5, 25154700
5, 25187300
5, 25416600
5, 25203700
5, 25672200
5, 25341300
5, 25182800
5, 25293200
5, 25479500
5, 27297200
5, 25244600
5, 25612500
5, 25298400
5, 28863300
5, 25495900
5, 25233900
5, 25384100
5, 25610200
5, 25218500
5, 29192200
5, 25910200
5, 25015600
5, 25816900
5, 25361700
5, 25171500
5, 26347300
5, 26017500
5, 25003500
5, 24993600
5, 25482600
5, 25434800
5, 25153700
5, 25577300
5, 25344200
5, 25083300
5, 25826100
5, 25195600
5, 25001800
5, 25107000
5, 25049100
5, 25027900
6, 25371100
6, 25232000
6, 25172500
6, 25484800
6, 25220600
6, 25184000
6, 25383700
6, 25170800
6, 25677100
6, 25100600
6, 25071500
6, 33798400
6, 25500900
6, 25921900
6, 25291600
6, 25227000
6, 25640600
6, 25215500
6, 25352200
6, 25793400
6, 25147100
6, 25309900
6, 25248000
6, 27483400
6, 25319700
6, 25081400
6, 25355100
6, 25278300
6, 25524300
6, 25060700
6, 25305300
6, 25230100
6, 25217300
6, 25126600
6, 25222500
6, 25233000
6, 26696500
6, 25526900
6, 25564800
6, 25682900
6, 25753500
6, 25866000
6, 25573100
6, 26208600
6, 25883300
6, 25532400
6, 29077000
6, 26410300
6, 26440000
6, 30022600
7, 27496600
7, 25375700
7, 26030700
7, 25470400
7, 25570300
7, 25197900
7, 25517200
7, 25699200
7, 25916700
7, 25177900
7, 25360900
7, 25239300
7, 25195900
7, 25170100
7, 25467500
7, 25228900
7, 25486100
7, 25196700
7, 25274100
7, 25231300
7, 25223300
7, 25235500
7, 25378900
7, 25330600
7, 28743700
7, 24971200
7, 25129500
7, 24948100
7, 25297700
7, 25078800
7, 25065400
7, 25175200
7, 26163200
7, 25762800
7, 26225800
7, 29249800
7, 37041900
7, 25815400
7, 38134400
7, 27398100
7, 25699700
7, 25608400
7, 25286000
7, 25308400
7, 25366100
7, 25786100
7, 25764100
7, 25139200
7, 25160900
7, 25161100
8, 25519000
8, 25076100
8, 25321900
8, 25152200
8, 25229600
8, 25606000
8, 26661900
8, 25894100
8, 25672000
8, 25556900
8, 25470200
8, 25756700
8, 25824300
8, 25703100
8, 25667000
8, 25703600
8, 25968400
8, 25761000
8, 26011600
8, 25763800
8, 26440000
8, 25881500
8, 25747300
8, 25635700
8, 25590800
8, 25555200
8, 30128900
8, 27622300
8, 26047700
8, 25570600
8, 26990900
8, 25743600
8, 29582000
8, 25630800
8, 27184700
8, 25920400
8, 25598700
8, 25659200
8, 25789900
8, 25593100
8, 25451500
8, 25973400
8, 25643700
8, 25488400
8, 25809600
8, 26334600
8, 25784400
8, 25617900
8, 29585800
8, 40701900
9, 28894700
9, 25752300
9, 24898800
9, 25614100
9, 24959300
9, 25953900
9, 25396000
9, 25281700
9, 25707500
9, 25378700
9, 24968900
9, 25336600
9, 26348000
9, 25112000
9, 26120500
9, 25549300
9, 25128100
9, 25096300
9, 25337900
9, 25364700
9, 27733300
9, 25068800
9, 25350100
9, 26602000
9, 26039900
9, 25362800
9, 25130200
9, 25204300
9, 25139900
9, 25249100
9, 25341200
9, 25277900
9, 25471000
9, 25254900
9, 26137300
9, 25237000
9, 25660800
9, 25265800
9, 27868400
9, 24951000
9, 24907600
9, 25061700
9, 25186800
9, 25205600
9, 25788400
9, 25364400
9, 25063600
9, 28170600
9, 25412400
9, 25201800
10, 25228400
10, 25181500
10, 25290700
10, 26773900
10, 29094600
10, 25279800
10, 25118800
10, 25178700
10, 25156000
10, 26661800
10, 25636400
10, 25870200
10, 26203700
10, 24949100
10, 25043600
10, 25108800
10, 25192300
10, 25059800
10, 25142400
10, 25094100
10, 25054500
10, 32335300
10, 25779600
10, 25254700
10, 25085700
10, 25131100
10, 25050500
10, 25102600
10, 29765200
10, 25110400
10, 25056700
10, 25435100
10, 25632600
10, 25407100
10, 25153500
10, 26088300
10, 25309300
10, 25304300
10, 25579700
10, 25093200
10, 25340600
10, 25364700
10, 26893000
10, 26515800
10, 25211200
10, 25196600
10, 25262400
10, 25100000
10, 25125700
10, 25184700
11, 25557500
11, 25893400
11, 25372500
11, 25164900
11, 25086500
11, 25404900
11, 25198100
11, 25310600
11, 25565700
11, 25309700
11, 25171900
11, 25127000
11, 25181400
11, 25236000
11, 25365400
11, 25195900
11, 25100200
11, 25152300
11, 25137200
11, 25765900
11, 25128100
11, 25344200
11, 25236200
11, 25158800
11, 25067200
11, 25076900
11, 25148800
11, 25095700
11, 25302200
11, 25037200
11, 25206800
11, 27045200
11, 25518100
11, 25140400
11, 25790500
11, 25242400
11, 25399600
11, 24849100
11, 29466700
11, 25460900
11, 25723000
11, 25034700
11, 25079200
11, 25150300
11, 27494500
11, 27460800
11, 25068200
11, 25132000
11, 29360700
11, 25167900
12, 25149300
12, 25511800
12, 25187200
12, 25700200
12, 25261800
12, 25024700
12, 25276100
12, 25157100
12, 25172300
12, 25430400
12, 25065900
12, 26621700
12, 25175300
12, 25092300
12, 25148700
12, 25021400
12, 25059300
12, 25815000
12, 25740300
12, 25586000
12, 25686700
12, 25311800
12, 25156400
12, 25239500
12, 25415400
12, 25413500
12, 25031900
12, 25342000
12, 30119500
12, 25285600
12, 25211700
12, 25189000
12, 25147600
12, 25311200
12, 25230200
12, 25110300
12, 25273800
12, 25143000
12, 25089800
12, 25555700
12, 25074700
12, 25325100
12, 25356100
12, 25199400
12, 25126800
12, 25208700
12, 25061800
12, 25210300
12, 25255800
12, 25130900
13, 25131300
13, 25083400
13, 25257600
13, 25237000
13, 25363400
13, 25141900
13, 25117100
13, 27338400
13, 25294700
13, 25294900
13, 27208800
13, 25244000
13, 25233100
13, 25202400
13, 25270200
13, 25267200
13, 25345800
13, 25122800
13, 25743700
13, 25201500
13, 25397700
13, 25105700
13, 25395600
13, 25087300
13, 25096900
13, 25219800
13, 25009400
13, 24993600
13, 25116900
13, 25639800
13, 25297700
13, 25357400
13, 25159200
13, 25132000
13, 25414400
13, 28249800
13, 25056200
13, 25152300
13, 25120000
13, 25090200
13, 25531900
13, 25201400
13, 25281000
13, 25201500
13, 25254800
13, 25125400
13, 25252500
13, 29534500
13, 25754700
13, 25311100
14, 25829600
14, 25180200
14, 25450300
14, 25328300
14, 25605700
14, 25140800
14, 25077600
14, 25747300
14, 25557400
14, 25119800
14, 29157500
14, 24987300
14, 24923200
14, 25025300
14, 25539900
14, 25086200
14, 25155800
14, 25054300
14, 25922000
14, 25178600
14, 25265900
14, 25038100
14, 25211000
14, 25180000
14, 25522100
14, 25135300
14, 25382700
14, 25100000
14, 25270200
14, 25130200
14, 25204900
14, 25195000
14, 25304300
14, 25101100
14, 26440300
14, 25296200
14, 24912800
14, 25111700
14, 29440800
14, 26091200
14, 25172800
14, 24967000
14, 25272300
14, 25146100
14, 25351300
14, 25044400
14, 25532200
14, 25646300
14, 25131800
14, 25094700
15, 25627400
15, 25250400
15, 25755100
15, 25170400
15, 25114900
15, 25157700
15, 25261300
15, 25113300
15, 25132600
15, 25135600
15, 25092300
15, 25078200
15, 27527600
15, 26379700
15, 29047000
15, 25189700
15, 25184700
15, 25626000
15, 25351100
15, 25064400
15, 25350500
15, 25244100
15, 25247700
15, 25016800
15, 25540300
15, 28769300
15, 25189100
15, 26127100
15, 25836500
15, 26011900
15, 26837600
15, 25946700
15, 26115100
15, 28350800
15, 34120200
15, 25784700
15, 25591800
15, 25126900
15, 25164200
15, 25240800
15, 25546600
15, 25219400
15, 25319300
15, 25300100
15, 25219300
15, 25159100
15, 25553500
15, 25380600
15, 25323500
15, 25099800
16, 25195400
16, 25333400
16, 25144000
16, 25226700
16, 25316000
16, 25213600
16, 25294600
16, 25492300
16, 25130600
16, 25275200
16, 25415400
16, 25099800
16, 25175000
16, 28821500
16, 25268900
16, 26123400
16, 29000600
16, 25434400
16, 25225300
16, 25129900
16, 25262300
16, 25120900
16, 25301500
16, 25661100
16, 25780800
16, 25315900
16, 25826900
16, 25158300
16, 25381100
16, 25101000
16, 25142300
16, 25859500
16, 28805600
16, 26961800
16, 25549000
16, 25135300
16, 25034500
16, 25291000
16, 25747900
16, 25146900
16, 25500100
16, 25157100
16, 25135800
16, 25240100
16, 25847100
16, 24903000
16, 25179500
16, 24987800
16, 25103000
16, 25046200
17, 27933300
17, 26270300
17, 25220700
17, 25615600
17, 25597100
17, 25762700
17, 25301000
17, 25115900
17, 25725900
17, 25418400
17, 25266500
17, 25076600
17, 25198800
17, 25795400
17, 25378300
17, 25138200
17, 25448800
17, 25092300
17, 25142900
17, 25329600
17, 25300200
17, 25054900
17, 25209800
17, 25219600
17, 25158700
17, 25263300
17, 25315300
17, 25089100
17, 25088300
17, 25012500
17, 25154000
17, 25143600
17, 25713700
17, 25319600
17, 27926700
17, 25128600
17, 25272800
17, 25077500
17, 25460200
17, 25271400
17, 25356200
17, 25118800
17, 25149800
17, 25079000
17, 27441900
17, 25416700
17, 25268000
17, 25142000
17, 27702000
17, 25121200
18, 25254800
18, 25135400
18, 25753400
18, 25525400
18, 25461700
18, 25054800
18, 25951000
18, 25406800
18, 27476600
18, 25289300
18, 25172700
18, 25170300
18, 25321800
18, 25205600
18, 25121000
18, 25107700
18, 25110500
18, 25069800
18, 25478100
18, 25060500
18, 25094400
18, 28844400
18, 25169400
18, 25183700
18, 25337400
18, 25211900
18, 26067000
18, 26278600
18, 24896900
18, 25337800
18, 25400500
18, 25209100
18, 25199700
18, 25702000
18, 26316300
18, 25506800
18, 25200900
18, 28692900
18, 25568100
18, 25023700
18, 25108800
18, 25561200
18, 25494100
18, 25251100
18, 25118000
18, 25390700
18, 25147800
18, 25182500
18, 25231900
18, 25199000
19, 25066700
19, 25095700
19, 25006300
19, 25416900
19, 25211200
19, 24989800
19, 25115500
19, 25043600
19, 26008900
19, 25446900
19, 25656100
19, 25614900
19, 25855200
19, 26582600
19, 25699400
19, 25552700
19, 26290200
19, 25508200
19, 25985600
19, 25805400
19, 25700000
19, 25858000
19, 25887200
19, 38617700
19, 37923200
19, 33595800
19, 25885100
19, 29041700
19, 25880500
19, 34236600
19, 25651900
19, 25298700
19, 25386200
19, 25939700
19, 25658100
19, 25325900
19, 26331600
19, 25116100
19, 25320300
19, 25173000
19, 25277000
19, 25125000
19, 25280000
19, 25149300
19, 25160000
19, 25154700
19, 26009500
19, 30520200
19, 25507600
19, 25556700
20, 26629200
20, 26015200
20, 25848600
20, 25813100
20, 25660400
20, 27759900
20, 27352000
20, 25637900
20, 27009900
20, 26503900
20, 29058700
20, 25411800
20, 26192200
20, 25419300
20, 25360700
20, 25310700
20, 25258900
20, 25946100
20, 25399100
20, 25143400
20, 25547800
20, 25106100
20, 25343700
20, 25091400
20, 25154700
20, 25074200
20, 25349600
20, 25194600
20, 25195900
20, 25127800
20, 25150800
20, 25070200
20, 25625800
20, 25123100
20, 25322900
20, 25078100
20, 25266000
20, 26671000
20, 25318500
20, 25242400
20, 25205400
20, 25198200
20, 25115600
20, 25293100
20, 25385600
20, 25128500
20, 25763400
20, 25125600
20, 25169900
20, 26955100
21, 26020900
21, 24980800
21, 25071800
21, 24951900
21, 24997400
21, 25058600
21, 25943200
21, 25638000
21, 25376500
21, 25093900
21, 25165200
21, 25132000
21, 25285000
21, 25444200
21, 25174800
21, 25076000
21, 25241600
21, 25204900
21, 25768100
21, 25175100
21, 25170700
21, 25220000
21, 25556600
21, 27475900
21, 31090700
21, 25979000
21, 28161500
21, 26846700
21, 25655900
21, 24976800
21, 26201900
21, 27772700
21, 24987600
21, 24964700
21, 25004100
21, 26662500
21, 25554900
21, 25657700
21, 25670000
21, 25295100
21, 25172600
21, 25840200
21, 25860400
21, 25282700
21, 26146600
21, 25416100
21, 25741300
21, 25367600
21, 25904700
21, 25760900
22, 25321600
22, 25167500
22, 25552300
22, 25138500
22, 25525000
22, 25086800
22, 25088600
22, 25167500
22, 25437200
22, 24954800
22, 25069900
22, 24911100
22, 24978500
22, 25046400
22, 24981700
22, 24991200
22, 25247100
22, 25312100
22, 25579000
22, 28696900
22, 25561800
22, 25215900
22, 25114400
22, 25238700
22, 25222200
22, 25144700
22, 25146200
22, 27604500
22, 25713100
22, 25009800
22, 25542700
22, 25297100
22, 25367400
22, 28369600
22, 25654700
22, 24903300
22, 25566700
22, 25069200
22, 25178600
22, 25133200
22, 25483600
22, 25170700
22, 25361300
22, 27836900
22, 25000400
22, 24950300
22, 26407200
22, 25519500
22, 25630900
22, 24955100
23, 24933400
23, 24958100
23, 25376500
23, 25097000
23, 28729900
23, 25900900
23, 25176200
23, 25447300
23, 25339400
23, 25767400
23, 25230600
23, 25215600
23, 25109200
23, 25127800
23, 25319200
23, 25231300
23, 25732300
23, 25326600
23, 25273700
23, 25145500
23, 25221900
23, 25652300
23, 25215100
23, 25219100
23, 25534800
23, 25268400
23, 25419300
23, 25078000
23, 25071500
23, 25164500
23, 25278400
23, 25164600
23, 25549400
23, 25147600
23, 25308200
23, 25115400
23, 25506800
23, 25077600
23, 25392600
23, 25187900
23, 25223900
23, 25165700
23, 25112700
23, 25124900
23, 25275300
23, 25168300
23, 25436200
23, 25116700
23, 25088400
23, 25219500
24, 25609500
24, 25463400
24, 25117300
24, 25078600
24, 25053400
24, 26137700
24, 26653000
24, 25347000
24, 25195600
24, 26936300
24, 29777300
24, 25563400
24, 25473600
24, 25559000
24, 25366000
24, 25348300
24, 25431500
24, 25168600
24, 25344100
24, 26809200
24, 26343300
24, 25089200
24, 25102400
24, 24977600
24, 25324600
24, 26382800
24, 25105700
24, 25110900
24, 25159100
24, 25167800
24, 25261300
24, 25255300
24, 25190300
24, 25077800
24, 25447700
24, 25327300
24, 25333100
24, 25059000
24, 25201300
24, 25119600
24, 25372300
24, 24971400
24, 25105600
24, 24953400
24, 25568900
24, 25063000
24, 25239200
24, 24986000
24, 25252000
24, 26080500
25, 25051900
25, 25104800
25, 25805200
25, 25327200
25, 25275200
25, 25220400
25, 25093300
25, 25084300
25, 25091600
25, 25253900
25, 25351600
25, 25488900
25, 25211100
25, 25101000
25, 24997100
25, 25019200
25, 25052800
25, 24927300
25, 24950600
25, 25150800
25, 25049700
25, 25055200
25, 25260500
25, 27027600
25, 25530200
25, 24843100
25, 25227100
25, 25372100
25, 26152600
25, 25310200
25, 25158800
25, 25219900
25, 25661700
25, 25245400
25, 27233800
25, 25389500
25, 25202500
25, 25150000
25, 25577900
25, 25198400
25, 25261500
25, 25766500
25, 25527400
25, 25410300
25, 25320600
25, 25104900
25, 25298800
25, 25121700
25, 25139300
25, 25275300
26, 25249000
26, 25783000
26, 25394100
26, 25669500
26, 25232900
26, 24983000
26, 24988000
26, 24992800
26, 25246800
26, 25203700
26, 25219400
26, 24881900
26, 24896400
26, 29467200
26, 25297000
26, 25009400
26, 24965700
26, 25105700
26, 25069000
26, 25069300
26, 25270500
26, 25185400
26, 24940200
26, 25513900
26, 25243000
26, 25181000
26, 25241400
26, 25632400
26, 24936100
26, 24967600
26, 24905500
26, 25665000
26, 25577600
26, 25622200
26, 25111400
26, 28613400
26, 25011000
26, 24917500
26, 25090100
26, 24908300
26, 26037500
26, 25324500
26, 25228500
26, 28644700
26, 25329900
26, 24934900
26, 25057100
26, 26031800
26, 25131000
26, 25124700
27, 25215600
27, 25129500
27, 25284200
27, 25098100
27, 25136300
27, 25215600
27, 25476700
27, 25118600
27, 25479200
27, 25142200
27, 25198300
27, 25815100
27, 25278400
27, 26852400
27, 25051700
27, 25071500
27, 25420800
27, 26374400
27, 25411900
27, 25126300
27, 25224500
27, 26014400
27, 25208600
27, 25145700
27, 25274400
27, 25252600
27, 25002000
27, 25011400
27, 24939800
27, 25673100
27, 25381000
27, 25797300
27, 25132900
27, 25251400
27, 25095800
27, 25083900
27, 25270100
27, 26753200
27, 27198300
27, 25343600
27, 25305600
27, 25109800
27, 25607400
27, 25756900
27, 25249900
27, 25032500
27, 26010700
27, 25176600
27, 25333900
27, 25123500
28, 29842800
28, 24999500
28, 26355200
28, 25274600
28, 25268700
28, 25268300
28, 25333300
28, 25101100
28, 25221400
28, 26802700
28, 26533400
28, 26408900
28, 25275700
28, 25246700
28, 26163200
28, 25288000
28, 25295400
28, 25449900
28, 25145400
28, 25101000
28, 25641700
28, 25483800
28, 25406000
28, 25265100
28, 25177300
28, 25165600
28, 25198400
28, 25201500
28, 25271800
28, 28264700
28, 25071200
28, 25559900
28, 25197100
28, 25324200
28, 25365200
28, 25138200
28, 25621200
28, 25217000
28, 25234400
28, 25115700
28, 25317900
28, 26015900
28, 28491400
28, 26742400
28, 25316700
28, 25121600
28, 25603900
28, 25248500
28, 25532400
28, 28283000
29, 25354400
29, 25351200
29, 25343600
29, 25340700
29, 25264900
29, 25082300
29, 25705500
29, 25362600
29, 25477400
29, 29490000
29, 26226000
29, 25265100
29, 25338700
29, 25361500
29, 25446500
29, 25202200
29, 26733600
29, 25225700
29, 25052900
29, 25083900
29, 25711600
29, 25356500
29, 25245800
29, 25164000
29, 25232000
29, 25153800
29, 25312000
29, 25133800
29, 25130000
29, 25391400
29, 26051300
29, 25368600
29, 25321300
29, 25245100
29, 26168700
29, 25680800
29, 25662400
29, 25236900
29, 26202800
29, 25267800
29, 26870900
29, 25839300
29, 25065500
29, 25089900
29, 27584500
29, 24967100
29, 25062500
29, 25825400
29, 25414700
29, 25944600
30, 25650100
30, 25119300
30, 25168100
30, 25135000
30, 25129900
30, 25136900
30, 25498100
30, 25177600
30, 25541600
30, 25798600
30, 24961200
30, 25731700
30, 25214800
30, 25226000
30, 25248500
30, 25091900
30, 25750000
30, 24954100
30, 25995300
30, 29202500
30, 26403800
30, 25123700
30, 25067500
30, 25167500
30, 25734700
30, 25186900
30, 25203300
30, 25342000
30, 25726200
30, 25094300
30, 25216100
30, 25484900
30, 25018800
30, 31116000
30, 25633300
30, 25110300
30, 25293000
30, 25063400
30, 26121600
30, 25358200
30, 25363500
30, 25151100
30, 25952000
30, 25531800
30, 25079300
30, 25035200
30, 25130200
30, 24974500
30, 29083400
30, 25008000
31, 25125800
31, 24989700
31, 25165800
31, 25086800
31, 25215700
31, 26451900
31, 24968300
31, 25183400
31, 25996600
31, 25745800
31, 25434400
31, 25059900
31, 25048600
31, 25156800
31, 25254900
31, 25293700
31, 25607800
31, 27075000
31, 25345400
31, 25152800
31, 25468400
31, 25793500
31, 25328600
31, 25007200
31, 25006800
31, 24899500
31, 25084700
31, 29743400
31, 25286000
31, 29365500
31, 24975000
31, 25001800
31, 25014300
31, 25089300
31, 29701300
31, 25032900
31, 25093500
31, 25133500
31, 25161900
31, 25095100
31, 25636900
31, 25289700
31, 25090400
31, 25631500
31, 25720000
31, 25271300
31, 25234300
31, 27415700
31, 25199800
31, 25119600
32, 24923200
32, 24924100
32, 25186100
32, 24969000
32, 25115800
32, 25403300
32, 25725400
32, 25065000
32, 25302100
32, 25022300
32, 25767600
32, 25197100
32, 25133800
32, 25181000
32, 25393400
32, 25062900
32, 25100700
32, 25108300
32, 25112900
32, 25283600
32, 25267800
32, 25148100
32, 25049700
32, 25975700
32, 24978700
32, 24961300
32, 25108900
32, 28336900
32, 25080600
32, 24915900
32, 25081400
32, 24899700
32, 25454700
32, 25076400
32, 25028700
32, 25087900
32, 24980500
32, 26122600
32, 25466000
32, 25176200
32, 25127500
32, 25110900
32, 25371500
32, 25143400
32, 25263800
32, 25501400
32, 25192300
32, 25343900
32, 25116400
32, 25096500
33, 25764700
33, 25148300
33, 25127800
33, 25089300
33, 25239200
33, 25111500
33, 25289100
33, 25188600
33, 25109300
33, 25105100
33, 25102000
33, 24991200
33, 25266200
33, 25166500
33, 25012000
33, 25882900
33, 25126500
33, 25105600
33, 25250800
33, 25160300
33, 25684500
33, 25691400
33, 25718600
33, 25515400
33, 26323200
33, 25568000
33, 30201300
33, 27029500
33, 25800300
33, 26084100
33, 25876200
33, 29846400
33, 25814200
33, 25579500
33, 27544100
33, 26317200
33, 26014200
33, 25503400
33, 25421200
33, 25675500
33, 26204700
33, 25522300
33, 25725800
33, 25514400
33, 25553000
33, 25515600
33, 25842300
33, 26110900
33, 26732700
33, 25919500
34, 30566800
34, 41061000
34, 26683600
34, 25693800
34, 25718200
34, 27297300
34, 26345200
34, 29102100
34, 25528900
34, 25333000
34, 25428500
34, 25197400
34, 25245100
34, 26173000
34, 28046200
34, 27913700
34, 26583500
34, 26065800
34, 28970600
34, 28345600
34, 34365200
34, 32032200
34, 25207800
34, 24959200
34, 25408300
34, 25134000
34, 25081800
34, 25111200
34, 26210800
34, 25161000
34, 24824900
34, 24889100
34, 24897100
34, 24809500
34, 25433200
34, 24771300
34, 25447400
34, 24788700
34, 26857100
34, 25008400
34, 26156500
34, 24991600
34, 25037600
34, 25008100
34, 25360900
34, 25518900
34, 25272000
34, 25144600
34, 25102800
34, 24976900
35, 24946500
35, 24891300
35, 31732800
35, 25288300
35, 25224100
35, 25067300
35, 25978300
35, 25260400
35, 25407800
35, 25282800
35, 27493100
35, 25365800
35, 25118600
35, 25125200
35, 25323800
35, 25072600
35, 25051800
35, 25111600
35, 25653200
35, 25150700
35, 25389700
35, 29258900
35, 25076200
35, 25039000
35, 25052600
35, 25179500
35, 25283000
35, 24993300
35, 24915400
35, 25038600
35, 25727500
35, 25868000
35, 25436400
35, 25077000
35, 25182400
35, 25116000
35, 25110100
35, 25155200
35, 25308700
35, 25144000
35, 25179800
35, 31397600
35, 25433900
35, 25123200
35, 25232500
35, 25608800
35, 25475700
35, 24966400
35, 25214200
35, 24881300
36, 25629600
36, 25156700
36, 25246000
36, 25082400
36, 25158100
36, 25705300
36, 25080200
36, 25045900
36, 25639200
36, 24919000
36, 24957000
36, 24979300
36, 25119900
36, 24937600
36, 25917200
36, 25050600
36, 25527300
36, 25292200
36, 25088800
36, 24944100
36, 25804400
36, 25021900
36, 25140400
36, 25031100
36, 26002600
36, 24944400
36, 24977400
36, 25054400
36, 24916700
36, 25015700
36, 27474100
36, 25174700
36, 25169300
36, 25028500
36, 25166100
36, 27345800
36, 25860600
36, 25084800
36, 29064400
36, 25169600
36, 25060100
36, 24984800
36, 25338400
36, 24912500
36, 25468300
36, 27338000
36, 25194000
36, 25016000
36, 27542200
36, 25271600
37, 25130900
37, 25351100
37, 25161800
37, 25133800
37, 25355000
37, 25848300
37, 25319400
37, 25048600
37, 25137600
37, 25092700
37, 25372800
37, 25179900
37, 29163900
37, 25027700
37, 25000100
37, 24931600
37, 25738000
37, 25612400
37, 25385900
37, 26248500
37, 25264100
37, 25142400
37, 25353100
37, 25298400
37, 25288000
37, 25410100
37, 25957200
37, 25863100
37, 25357500
37, 25182600
37, 25096300
37, 25150100
37, 29098600
37, 24959100
37, 25210000
37, 24895900
37, 25650200
37, 25132900
37, 25180000
37, 25395300
37, 25156600
37, 25010100
37, 24886200
37, 25235700
37, 25023300
37, 24960600
37, 25665000
37, 24960600
37, 25108600
37, 25121800
38, 25207100
38, 25132800
38, 25328700
38, 25185300
38, 25078800
38, 25137400
38, 25186600
38, 25140400
38, 25338100
38, 27669600
38, 25362000
38, 25135100
38, 25138100
38, 25189700
38, 25367000
38, 25177600
38, 25143200
38, 25767100
38, 29852000
38, 24950900
38, 25263700
38, 25087100
38, 24987700
38, 25032100
38, 25111100
38, 25016700
38, 25182100
38, 24928400
38, 25133900
38, 26168900
38, 25159000
38, 25071300
38, 25408800
38, 25222900
38, 26125200
38, 26065800
38, 26179100
38, 25792800
38, 25721200
38, 25610800
38, 32184400
38, 26580500
38, 25659200
38, 25621900
38, 25743600
38, 28981300
38, 25650300
38, 28029500
38, 34974300
38, 25352900
39, 25339600
39, 25177200
39, 25270400
39, 25330500
39, 28523400
39, 26189400
39, 25566200
39, 25463000
39, 25117800
39, 25071900
39, 25079300
39, 25052700
39, 25222000
39, 25146000
39, 25204900
39, 29658200
39, 25711900
39, 25097800
39, 25689700
39, 25208200
39, 25100200
39, 24982700
39, 25228700
39, 25012500
39, 25233200
39, 25683200
39, 24948800
39, 24975500
39, 25028500
39, 25057000
39, 25519400
39, 25060900
39, 25060200
39, 24945300
39, 25004900
39, 24949000
39, 28290900
39, 25478400
39, 25221300
39, 24939800
39, 25003200
39, 24973400
39, 25218500
39, 25157900
39, 25592100
39, 25446700
39, 25162900
39, 25105200
39, 25291300
39, 25077500
40, 25126800
40, 25091900
40, 25160300
40, 25156200
40, 25300600
40, 25146700
40, 25073800
40, 25579600
40, 25117900
40, 25076000
40, 25239300
40, 25217900
40, 26559200
40, 26037600
40, 25844500
40, 25283300
40, 25245200
40, 25616800
40, 25151100
40, 29287800
40, 25254600
40, 25209700
40, 25247800
40, 25071000
40, 25117300
40, 25167600
40, 25781600
40, 25215600
40, 25446900
40, 25138400
40, 25072200
40, 25267200
40, 25109900
40, 29234600
40, 26051200
40, 25332200
40, 25707500
40, 25156000
40, 25125500
40, 25149300
40, 25463800
40, 25221600
40, 27564800
40, 25045400
40, 25104100
40, 28681900
40, 25376000
40, 25376900
40, 25385100
40, 28511500
41, 25124200
41, 25092800
41, 25648900
41, 25113700
41, 25103600
41, 25182800
41, 28378600
41, 25167900
41, 25584600
41, 25150100
41, 25013900
41, 24992700
41, 25047000
41, 25070500
41, 25159200
41, 27108600
41, 30193600
41, 25220600
41, 25111800
41, 24994300
41, 25043100
41, 24960800
41, 25030600
41, 26536600
41, 28882300
41, 24848200
41, 25517800
41, 25075700
41, 25032700
41, 25116200
41, 25125700
41, 24967400
41, 25050600
41, 24908400
41, 25125900
41, 24900200
41, 25563100
41, 24966300
41, 25423600
41, 25160500
41, 25062400
41, 24980600
41, 24984000
41, 25028200
41, 25132000
41, 25411200
41, 25139300
41, 27562300
41, 25181100
41, 25042100
42, 25369700
42, 25044500
42, 24949800
42, 25708000
42, 28643900
42, 26812600
42, 25315800
42, 25257900
42, 25050200
42, 25264300
42, 25094500
42, 26176000
42, 25662700
42, 25172400
42, 25907900
42, 25218100
42, 25091400
42, 25074700
42, 25199800
42, 29148900
42, 25138600
42, 25065500
42, 25051500
42, 25131000
42, 25701800
42, 25602600
42, 25476200
42, 25224500
42, 25231800
42, 25619700
42, 25283400
42, 25040300
42, 25129600
42, 28848400
42, 25117900
42, 25103700
42, 25451700
42, 25224600
42, 25042900
42, 25290100
42, 25233000
42, 25207000
42, 25525000
42, 26962800
42, 25329600
42, 25149100
42, 25049400
42, 25216400
42, 25373700
42, 25099700
43, 24951500
43, 25982200
43, 25279800
43, 24995600
43, 25783800
43, 25008500
43, 25168700
43, 25756400
43, 26223100
43, 25108000
43, 25313000
43, 25147500
43, 25681900
43, 24976300
43, 24973100
43, 25068600
43, 25653400
43, 24979400
43, 25085200
43, 25367200
43, 25113300
43, 25140200
43, 25277800
43, 25713000
43, 25402800
43, 25246700
43, 28971500
43, 26556000
43, 26181000
43, 25569200
43, 25246500
43, 25575300
43, 25766000
43, 25901900
43, 25498400
43, 25184000
43, 25412500
43, 25136800
43, 24895600
43, 24980200
43, 25924300
43, 25291900
43, 25196200
43, 25164900
43, 25193500
43, 25325800
43, 25347500
43, 25586500
43, 25044200
43, 25177400
44, 25091400
44, 25134900
44, 25242100
44, 25071600
44, 25086900
44, 25125800
44, 28402300
44, 25737200
44, 25071000
44, 24987600
44, 24903700
44, 24931000
44, 24918000
44, 25400000
44, 25520100
44, 28316100
44, 25006100
44, 25156500
44, 25223500
44, 25113800
44, 25267800
44, 26849500
44, 25900100
44, 33982000
44, 25764600
44, 25679600
44, 27250100
44, 29433300
44, 33436600
44, 26484700
44, 25185700
44, 25083800
44, 25195800
44, 25457100
44, 24913400
44, 24907700
44, 24941100
44, 25159000
44, 24965800
44, 24770000
44, 24820000
44, 24857400
44, 24846500
44, 24806800
44, 25534500
44, 25402200
44, 25981700
44, 24963800
44, 24973900
44, 24951400
45, 25129600
45, 24891400
45, 25316700
45, 25332800
45, 26896000
45, 26007600
45, 25349200
45, 25249400
45, 25068200
45, 25157200
45, 26235800
45, 25342500
45, 25352000
45, 25140100
45, 25170800
45, 25630400
45, 25458400
45, 25069100
45, 26215000
45, 25234600
45, 25156200
45, 25299000
45, 25197300
45, 25106500
45, 25279700
45, 25093200
45, 25121700
45, 25571900
45, 25258800
45, 25414500
45, 25298900
45, 24969900
45, 25054600
45, 25121000
45, 25127400
45, 25252600
45, 25331100
45, 25052100
45, 25134800
45, 25257500
45, 25045400
45, 25109800
45, 25324700
45, 25553800
45, 25166200
45, 25075100
45, 25123400
45, 25126500
45, 25263000
45, 25059300
46, 26825800
46, 25390700
46, 25160000
46, 25053200
46, 25379100
46, 25198100
46, 25095000
46, 25125700
46, 25823500
46, 25416600
46, 25333000
46, 25109800
46, 25064300
46, 25243800
46, 25108900
46, 25295600
46, 25281800
46, 29716900
46, 25176700
46, 25760700
46, 25285000
46, 25236400
46, 25305100
46, 25102700
46, 25266700
46, 25644600
46, 27424300
46, 25279200
46, 25209100
46, 25189500
46, 25118400
46, 25392400
46, 25590700
46, 28518000
46, 25551100
46, 25531700
46, 26834900
46, 25335700
46, 29092000
46, 25599400
46, 25425200
46, 25370500
46, 25209400
46, 25324100
46, 25303800
46, 25243800
46, 33687400
46, 25838600
46, 25304600
46, 25510500
47, 25156900
47, 25122000
47, 25343100
47, 25917100
47, 25235700
47, 25236700
47, 24993100
47, 24968400
47, 25238300
47, 25008900
47, 25058200
47, 24973600
47, 25125000
47, 25158000
47, 25473400
47, 25715300
47, 25169200
47, 25303800
47, 25267300
47, 26053500
47, 25577300
47, 25078000
47, 25326300
47, 27718600
47, 25122900
47, 25046100
47, 25232700
47, 26934300
47, 26287200
47, 25080700
47, 24969900
47, 25080800
47, 25223400
47, 25055200
47, 24923900
47, 25420300
47, 25504600
47, 26018300
47, 25235900
47, 25056300
47, 25142800
47, 25178400
47, 25061700
47, 25241900
47, 25450500
47, 25073100
47, 25099300
47, 25524000
47, 25224100
47, 28775600
48, 25248600
48, 25140300
48, 25141600
48, 25133600
48, 25140100
48, 25716800
48, 25258600
48, 25124800
48, 25082400
48, 25207400
48, 25236500
48, 25133800
48, 25838500
48, 25079200
48, 25199300
48, 28534400
48, 25103900
48, 29260200
48, 25476100
48, 25122800
48, 25094800
48, 25804400
48, 25063700
48, 25712000
48, 25120300
48, 25739200
48, 25705800
48, 25073000
48, 25198800
48, 25124700
48, 25182600
48, 25062600
48, 25163900
48, 25311300
48, 29058900
48, 25129000
48, 28713500
48, 25234900
48, 25106300
48, 25063700
48, 25061500
48, 25286200
48, 25259800
48, 25154200
48, 29071800
48, 25289600
48, 25122600
48, 25045200
48, 25222000
48, 25445800
49, 25119600
49, 25096300
49, 25083800
49, 29599500
49, 27228000
49, 27079700
49, 25972800
49, 27962300
49, 34179800
49, 31256500
49, 34247400
49, 32114900
49, 35328300
49, 30985500
49, 31299300
49, 31842400
49, 25331000
49, 25066800
49, 26061800
49, 27456800
49, 26100800
49, 25071800
49, 25264300
49, 25872600
49, 25074400
49, 25053200
49, 25047200
49, 25019500
49, 26120700
49, 26414900
49, 25147800
49, 25003400
49, 25599400
49, 25973900
49, 25073700
49, 25060500
49, 26002500
49, 25146000
49, 25425800
49, 25434100
49, 25799100
49, 25258700
49, 25580100
49, 29240600
49, 25378100
49, 25144200
49, 25224200
49, 25097400
49, 25091800
49, 24980300
50, 25790700
50, 26170400
50, 25301300
50, 25099000
50, 25053600
50, 25094100
50, 25053400
50, 25180200
50, 25262200
50, 25141800
50, 25847800
50, 25228600
50, 25140600
50, 25059500
50, 25288300
50, 25171900
50, 25185000
50, 25092300
50, 25151600
50, 25079300
50, 25200200
50, 25212300
50, 25456200
50, 24902900
50, 24914900
50, 25843200
50, 25401800
50, 25100700
50, 25382900
50, 25159600
50, 25058100
50, 26775500
50, 25442300
50, 25226000
50, 28215900
50, 28750200
50, 24973700
50, 25017300
50, 25254400
50, 25710800
50, 25217700
50, 25157700
50, 25065600
50, 25058800
50, 25354900
50, 25013600
50, 25229500
50, 25229700
50, 25094100
50, 25053600
51, 25520700
51, 25141100
51, 25212400
51, 25199200
51, 25067400
51, 25102000
51, 25513200
51, 25072700
51, 25028600
51, 25220100
51, 25214900
51, 25119300
51, 25649500
51, 25172000
51, 25191800
51, 25175100
51, 28873900
51, 26030300
51, 25054300
51, 25083400
51, 25831000
51, 25936500
51, 29963400
51, 24993800
51, 25168800
51, 25621200
51, 25172700
51, 28117500
51, 25849400
51, 25277100
51, 25326500
51, 25087800
51, 25112900
51, 25513100
51, 25253200
51, 25068700
51, 25272100
51, 25178300
51, 28694600
51, 24968900
51, 25140600
51, 25178600
51, 25381000
51, 25192100
51, 25102600
51, 25127700
51, 25110300
51, 25110600
51, 25280700
51, 25125700
52, 25355500
52, 25099400
52, 25696600
52, 25326300
52, 25079000
52, 24930400
52, 25017600
52, 25417500
52, 25011900
52, 25546100
52, 26943200
52, 25456900
52, 26102100
52, 25243200
52, 25159200
52, 25245400
52, 25307500
52, 25051000
52, 25776700
52, 29299900
52, 25293900
52, 25073400
52, 25220500
52, 25334200
52, 25120800
52, 25132800
52, 25065100
52, 25314900
52, 25501800
52, 25197400
52, 25621400
52, 25231900
52, 25285800
52, 25329100
52, 25303000
52, 25263400
52, 27082100
52, 27501400
52, 25271300
52, 25192600
52, 25274300
52, 25855500
52, 25374900
52, 25305600
52, 25101900
52, 27957200
52, 25856800
52, 25336200
52, 25232200
52, 25728300
53, 28360200
53, 25395700
53, 25242400
53, 25129400
53, 25219500
53, 25337500
53, 25162300
53, 33890200
53, 26285400
53, 25074900
53, 25126100
53, 25095500
53, 25174400
53, 25390400
53, 25312700
53, 25139800
53, 25081200
53, 25527800
53, 25124100
53, 25147200
53, 25416000
53, 25926100
53, 25293000
53, 25209500
53, 25064500
53, 25595900
53, 25328200
53, 25109000
53, 25036200
53, 25483700
53, 25232900
53, 26298800
53, 25381400
53, 25467200
53, 24988600
53, 25323500
53, 25185800
53, 26247400
53, 27025600
53, 25883400
53, 25694800
53, 25745100
53, 28486600
53, 26199500
53, 25317400
53, 26688800
53, 29254500
53, 26166000
53, 25193700
53, 25143500
54, 25240300
54, 25243300
54, 25628100
54, 25716000
54, 29038300
54, 25310300
54, 25559000
54, 25121600
54, 25125300
54, 25255700
54, 25176900
54, 25368100
54, 25399400
54, 25273300
54, 25360900
54, 25179200
54, 25182300
54, 25129700
54, 25292100
54, 25093400
54, 25071100
54, 25242700
54, 25269500
54, 27871500
54, 25532100
54, 25111200
54, 27187800
54, 27024900
54, 25128100
54, 25168200
54, 25384900
54, 25040200
54, 25064900
54, 24918100
54, 25676000
54, 26446900
54, 26045000
54, 26708000
54, 25732900
54, 26150700
54, 25335500
54, 24984000
54, 25348300
54, 25175500
54, 25189300
54, 25246500
54, 25085200
54, 25090000
54, 25281500
54, 25128200
55, 25672200
55, 25218200
55, 25374300
55, 25065900
55, 25526000
55, 25185100
55, 25136200
55, 25110300
55, 25112100
55, 25123800
55, 25360300
55, 25986100
55, 25152400
55, 24969300
55, 24904500
55, 24952200
55, 29481900
55, 25731400
55, 24968900
55, 25455800
55, 25923000
55, 25236200
55, 25330000
55, 25254700
55, 25696200
55, 26501500
55, 25093900
55, 25636500
55, 25423500
55, 25002300
55, 25144600
55, 26119200
55, 25831100
55, 25645800
55, 25823100
55, 25405400
55, 25229900
55, 24998500
55, 25314500
55, 25539900
55, 25100200
55, 25117400
55, 25120400
55, 24926400
55, 25081100
55, 25136500
55, 25302200
55, 25261100
55, 25069500
55, 25314900
56, 25064000
56, 25518500
56, 25386800
56, 25156500
56, 25087900
56, 26256400
56, 25689100
56, 27519200
56, 25583700
56, 25912600
56, 25080900
56, 25241600
56, 29552200
56, 25358500
56, 26290600
56, 25964900
56, 25277500
56, 25572100
56, 25181600
56, 28920900
56, 25261500
56, 25086000
56, 25125500
56, 25116200
56, 25064900
56, 25083200
56, 25289500
56, 25114200
56, 25079800
56, 25253700
56, 25152900
56, 25089700
56, 25432000
56, 25234700
56, 25108700
56, 25239300
56, 25071400
56, 25064600
56, 25305500
56, 25188100
56, 25227300
56, 25636000
56, 25116600
56, 25100300
56, 27246600
56, 26548800
56, 28974200
56, 25187100
56, 25171400
56, 25640800
57, 25389700
57, 25337100
57, 25549900
57, 27098200
57, 25034800
57, 24953900
57, 25083800
57, 25016800
57, 25024600
57, 25285800
57, 25027900
57, 25059200
57, 25080900
57, 25207000
57, 25004600
57, 25729200
57, 25022300
57, 25311900
57, 25322100
57, 26636100
57, 25654700
57, 25761900
57, 25573200
57, 25492200
57, 25553700
57, 25548000
57, 25813300
57, 26381200
57, 25370000
57, 34440800
57, 30112000
57, 25499200
57, 25435100
57, 31045200
57, 25787100
57, 24957200
57, 25967600
57, 24983700
57, 25280400
57, 25196600
57, 25127500
57, 25547700
57, 25317500
57, 25131700
57, 25150200
57, 25046400
57, 25126800
57, 25068200
57, 25349800
57, 25048300
58, 25240100
58, 29424800
58, 24944300
58, 27478800
58, 25125700
58, 24967600
58, 24962400
58, 24947100
58, 24970300
58, 24960800
58, 25175700
58, 25022100
58, 24922200
58, 24917800
58, 24942600
58, 24999600
58, 25770300
58, 25502600
58, 36163000
58, 25503500
58, 25982900
58, 25388300
58, 31977600
58, 25830100
58, 25198300
58, 25076700
58, 26256000
58, 25425800
58, 25471100
58, 25590900
58, 25593900
58, 29152000
58, 25136200
58, 25184100
58, 25563900
58, 25268400
58, 28913200
58, 25112000
58, 25181000
58, 25185800
58, 25248600
58, 25069600
58, 25475200
58, 25155700
58, 25053900
58, 25015700
58, 25143400
58, 25960000
58, 27273600
58, 25935000
59, 26467800
59, 25080500
59, 25337400
59, 25599600
59, 25358500
59, 25092500
59, 25081400
59, 25088700
59, 32966800
59, 25478500
59, 29702200
59, 29910100
59, 33975700
59, 35151400
59, 37743700
59, 32874100
59, 31406100
59, 31898400
59, 26374300
59, 25835200
59, 26173400
59, 26569100
59, 26166600
59, 29967200
59, 25731000
59, 25496200
59, 25032800
59, 24875500
59, 25005700
59, 25223300
59, 24938100
59, 24932900
59, 25000900
59, 25251000
59, 25308200
59, 26101900
59, 26994200
59, 27150200
59, 25362900
59, 25276400
59, 25916400
59, 25216500
59, 25075700
59, 25105600
59, 26450200
59, 25437000
59, 25082800
59, 27725000
59, 27663300
59, 27012100
60, 25722500
60, 25240500
60, 25073400
60, 25195600
60, 25169900
60, 25913000
60, 25302100
60, 25135100
60, 25104200
60, 25066800
60, 25115400
60, 25743900
60, 25326200
60, 28848300
60, 25092500
60, 25439300
60, 25205200
60, 25113200
60, 25290600
60, 25150300
60, 25112100
60, 25152900
60, 25222300
60, 25225400
60, 25393100
60, 25237300
60, 25146600
60, 25115700
60, 25165300
60, 25119400
60, 25338600
60, 25110100
60, 25157900
60, 25378800
60, 29488800
60, 26775600
60, 26890200
60, 26797000
60, 25090700
60, 25140900
60, 24969700
60, 25007800
60, 27152200
60, 26605900
60, 25337200
60, 25163700
60, 25892500
60, 25065200
60, 27946800
60, 25169100
61, 25107200
61, 25548400
61, 25324700
61, 27968200
61, 29272900
61, 25152600
61, 25067000
61, 25110600
61, 25102800
61, 25616900
61, 26262300
61, 25287400
61, 24951500
61, 25072300
61, 25521600
61, 25248300
61, 25306500
61, 25151500
61, 25090400
61, 25091100
61, 25085700
61, 25086900
61, 25959800
61, 25141500
61, 25357400
61, 28339100
61, 25355400
61, 25369000
61, 25308300
61, 25139100
61, 25208900
61, 25099600
61, 25647300
61, 25631900
61, 25762900
61, 25988400
61, 24926800
61, 25018900
61, 24949800
61, 25051100
61, 26618900
61, 26135400
61, 24991500
61, 24901700
61, 24981500
61, 25650300
61, 25300100
61, 28033000
61, 25094700
61, 25146700
62, 25130300
62, 25277700
62, 25117800
62, 25063400
62, 25072900
62, 24942400
62, 24869400
62, 25309400
62, 25144900
62, 24948500
62, 25000300
62, 25024800
62, 24935400
62, 27635700
62, 26027100
62, 25299600
62, 24959800
62, 25023100
62, 24980100
62, 25653000
62, 25213800
62, 24959000
62, 25502700
62, 25898900
62, 25109200
62, 25099800
62, 29044100
62, 25202000
62, 25044100
62, 25124900
62, 25184600
62, 29179000
62, 25566500
62, 24983200
62, 25023100
62, 26064600
62, 25136200
62, 25198200
62, 25272600
62, 25239600
62, 25072200
62, 25105800
62, 25168600
62, 25597300
62, 25955300
62, 29476000
62, 25195000
62, 25177100
62, 25217200
62, 25155500
63, 25243400
63, 25144800
63, 25083300
63, 29932200
63, 25551900
63, 25553700
63, 25845700
63, 24980100
63, 25709000
63, 25218400
63, 25159500
63, 26359900
63, 25702700
63, 26227300
63, 24888600
63, 25030700
63, 24940900
63, 25001200
63, 25081900
63, 25080500
63, 24999700
63, 24906800
63, 26003200
63, 25648600
63, 26563200
63, 25183100
63, 24981500
63, 24928200
63, 24965100
63, 25338700
63, 25155800
63, 25042000
63, 24943100
63, 25080200
63, 25059400
63, 25045200
63, 25226900
63, 25021300
63, 24902400
63, 24919900
63, 25066800
63, 25641900
63, 27591900
63, 27545100
63, 28297200
63, 28444700
63, 26807500
63, 29414000
63, 26790100
63, 25818200
64, 31108200
64, 29094200
64, 25720800
64, 25590400
64, 25264500
64, 25082600
64, 25205900
64, 25831400
64, 29120700
64, 25034300
64, 25104000
64, 28297200
64, 25068900
64, 28968000
64, 25108500
64, 25119300
64, 25369100
64, 26367300
64, 25200200
64, 25082000
64, 25095700
64, 25915700
64, 25396000
64, 25091100
64, 25196800
64, 24965300
64, 24971400
64, 24900000
64, 25052400
64, 25018300
64, 25351000
64, 27033600
64, 26736700
64, 26205400
64, 26390000
64, 25127600
64, 25076800
64, 25219700
64, 25201600
64, 26104000
64, 27957700
64, 25214500
64, 25171000
64, 25170600
64, 25033600
64, 25384100
64, 25115100
64, 25017600
64, 24907700
64, 24872300
65, 24951700
65, 24896400
65, 25059000
65, 25101800
65, 25003300
65, 24958000
65, 25104400
65, 25985000
65, 26459800
65, 25089700
65, 25246400
65, 25057000
65, 25920000
65, 24931000
65, 25440600
65, 25135700
65, 25276900
65, 25198200
65, 25109300
65, 25816400
65, 26591600
65, 25892100
65, 25366100
65, 24952700
65, 26067800
65, 25274800
65, 25101800
65, 25374800
65, 26261100
65, 25154500
65, 25491300
65, 25093900
65, 25356700
65, 25235400
65, 25147900
65, 25043800
65, 25140700
65, 24935700
65, 25042000
65, 25075100
65, 24965000
65, 24941700
65, 25793500
65, 26254700
65, 25425500
65, 25116500
65, 25146300
65, 25170600
65, 25029200
65, 25145300
66, 25326400
66, 25131500
66, 25182200
66, 27281900
66, 25111700
66, 24965200
66, 25065600
66, 24960700
66, 24927600
66, 27021100
66, 27062700
66, 27414600
66, 25423700
66, 25083200
66, 25628700
66, 25818000
66, 25775100
66, 26101600
66, 25413100
66, 25207300
66, 25251600
66, 25125300
66, 28154500
66, 25132300
66, 25341500
66, 25118900
66, 25145200
66, 25325800
66, 25206700
66, 25257600
66, 25259700
66, 25114600
66, 25269900
66, 25060500
66, 25210800
66, 25648500
66, 25437900
66, 25140400
66, 25101700
66, 25111800
66, 25384400
66, 25224800
66, 25541700
66, 25233200
66, 25950900
66, 25376700
66, 25232100
66, 25607100
66, 26001500
66, 25360200
67, 25705600
67, 26133900
67, 25143800
67, 25135200
67, 25900400
67, 25150300
67, 25613700
67, 25651300
67, 25151200
67, 25100000
67, 25293700
67, 25093400
67, 25623500
67, 25190800
67, 25519400
67, 28916000
67, 25360500
67, 25187600
67, 25078200
67, 25095400
67, 25052600
67, 25858800
67, 25693000
67, 24863200
67, 25456500
67, 25258400
67, 25925700
67, 25829900
67, 25214900
67, 25019300
67, 25017700
67, 25174300
67, 25469000
67, 24960700
67, 25316500
67, 24956800
67, 25123400
67, 25335700
67, 28390600
67, 25295600
67, 28395600
67, 25279900
67, 25209000
67, 25294000
67, 25379000
67, 25221400
67, 25981400
67, 25315600
67, 25122900
67, 25184300
68, 25078200
68, 25069900
68, 25342500
68, 26549000
68, 27617200
68, 25088600
68, 24907800
68, 24989700
68, 25070300
68, 24917500
68, 29426900
68, 25199800
68, 25132500
68, 25140900
68, 25164800
68, 25375000
68, 25781000
68, 28722000
68, 25043500
68, 25080100
68, 25662600
68, 25380600
68, 26155300
68, 26017800
68, 29927200
68, 25472800
68, 33178200
68, 33145400
68, 25017500
68, 25001600
68, 24996800
68, 25073500
68, 25149600
68, 26070400
68, 25763700
68, 26040700
68, 25139700
68, 25045700
68, 25777000
68, 25114100
68, 25108900
68, 25315900
68, 25274500
68, 25207100
68, 25375900
68, 25206800
68, 29663100
68, 24986900
68, 24922600
68, 25997400
69, 25297600
69, 25045500
69, 25004700
69, 24967900
69, 24978300
69, 24879500
69, 25083100
69, 24993100
69, 25369800
69, 25819700
69, 25366200
69, 26185700
69, 25722200
69, 29170700
69, 27740800
69, 30471300
69, 26335400
69, 25166400
69, 25342700
69, 25175200
69, 25137100
69, 25044300
69, 25903700
69, 25787200
69, 25214300
69, 25154800
69, 25033300
69, 24996800
69, 25357700
69, 25128000
69, 25225500
69, 25629400
69, 25166500
69, 25039900
69, 25093400
69, 25131500
69, 25286000
69, 25069300
69, 25289500
69, 25219400
69, 25080700
69, 25112500
69, 25324100
69, 25059100
69, 25133000
69, 25079300
69, 25146000
69, 25974500
69, 25841600
69, 25414600
70, 25616000
70, 26047300
70, 27705300
70, 25940800
70, 30113900
70, 29875500
70, 29605100
70, 25928800
70, 25570600
70, 25496100
70, 36375600
70, 27443100
70, 26171200
70, 25106400
70, 25038300
70, 25099200
70, 25316700
70, 25120600
70, 25060800
70, 25093400
70, 25228500
70, 25159700
70, 25254700
70, 25045300
70, 25030200
70, 25191600
70, 25174100
70, 25083500
70, 25665900
70, 25792100
70, 25405500
70, 28731200
70, 25750300
70, 25591100
70, 25634700
70, 25437600
70, 25600000
70, 26398400
70, 26005200
70, 29379900
70, 28644100
70, 26652000
70, 36349600
70, 29102100
70, 26151700
70, 26677200
70, 25754600
70, 25701800
70, 25868000
70, 27704700
71, 34136700
71, 25973000
71, 25364100
71, 25069800
71, 25210300
71, 25073700
71, 25130200
71, 28887000
71, 25388200
71, 25086600
71, 25260400
71, 25084100
71, 25071300
71, 25144500
71, 25353400
71, 26038900
71, 25510200
71, 41709900
71, 31105100
71, 25440800
71, 25712400
71, 27520400
71, 25299600
71, 24926900
71, 25315100
71, 24998300
71, 25133800
71, 25428100
71, 25174800
71, 26026100
71, 24925500
71, 28908200
71, 25490000
71, 25162800
71, 25061400
71, 25025600
71, 25703900
71, 25563000
71, 25333900
71, 25211800
71, 25119100
71, 25746700
71, 25068600
71, 25088700
71, 25259800
71, 25120100
71, 25171100
71, 25254800
71, 25224000
71, 25153300
72, 25370100
72, 25323700
72, 25268400
72, 25191500
72, 25512200
72, 32413700
72, 25687300
72, 25725500
72, 25358000
72, 25443300
72, 25823000
72, 30161500
72, 25114200
72, 25028500
72, 24914200
72, 25124200
72, 25249800
72, 25035500
72, 26357400
72, 27926200
72, 25638900
72, 25490700
72, 25133900
72, 25299700
72, 25381400
72, 25221000
72, 26047500
72, 25499900
72, 25115500
72, 25474700
72, 25267200
72, 25194700
72, 25105700
72, 25264400
72, 25162200
72, 25152200
72, 25447600
72, 25275400
72, 25294700
72, 25206000
72, 25059800
72, 25158600
72, 25348400
72, 25190000
72, 25057500
72, 25503700
72, 25056500
72, 25164800
72, 25271900
72, 25127100
73, 25602200
73, 25646300
73, 25500800
73, 29157000
73, 25570400
73, 26211400
73, 26727400
73, 33232900
73, 25824900
73, 27653100
73, 26480800
73, 25004000
73, 25201600
73, 25454400
73, 25038100
73, 25964000
73, 25925400
73, 25495800
73, 29203200
73, 25176300
73, 24953300
73, 25085500
73, 25231000
73, 28755500
73, 25179600
73, 25156000
73, 25309100
73, 25104600
73, 25273200
73, 25175100
73, 25230800
73, 25288600
73, 25163200
73, 25060000
73, 25267600
73, 25135000
73, 25173400
73, 25074100
73, 25120100
73, 25664500
73, 25749400
73, 25580300
73, 25780600
73, 25562800
73, 25396600
73, 28266600
73, 29208700
73, 25814700
73, 25880100
73, 25647200
74, 25552800
74, 29685800
74, 28317000
74, 27340600
74, 25971900
74, 25713400
74, 29971100
74, 25755400
74, 26238600
74, 25411000
74, 28459800
74, 28515200
74, 25743700
74, 25380100
74, 25743800
74, 26414500
74, 25439500
74, 25557300
74, 25741700
74, 25418900
74, 25667500
74, 25409600
74, 25519000
74, 25520500
74, 25464900
74, 25457200
74, 25746300
74, 25819300
74, 25592700
74, 25440600
74, 37885100
74, 25436900
74, 25578400
74, 26957400
74, 25622900
74, 28144100
74, 25015100
74, 25169000
74, 25371800
74, 25186000
74, 25038300
74, 25647700
74, 25375700
74, 25070800
74, 25235500
74, 25199600
74, 25548900
74, 25138300
74, 25146900
74, 25322000
75, 25433600
75, 25120400
75, 25063700
75, 25452100
75, 25094000
75, 25153600
75, 28427700
75, 25170200
75, 25189900
75, 25132800
75, 25349100
75, 25901900
75, 25881800
75, 25101900
75, 25105200
75, 25103100
75, 25261600
75, 25045800
75, 25268500
75, 25118400
75, 25115300
75, 28862900
75, 26803600
75, 25685700
75, 25749500
75, 25143400
75, 25043500
75, 25032200
75, 24975800
75, 25003100
75, 26454000
75, 25263200
75, 25097700
75, 28815800
75, 25012500
75, 25128900
75, 26020700
75, 25072300
75, 25074400
75, 25236300
75, 25122000
75, 25100600
75, 25268800
75, 25274600
75, 25801200
75, 25154300
75, 25293300
75, 25168000
75, 25300900
75, 25108200
76, 24964600
76, 25275600
76, 25098400
76, 25095500
76, 25299000
76, 25208100
76, 25117600
76, 25039000
76, 25133800
76, 25096300
76, 25418700
76, 25130200
76, 25665500
76, 25221000
76, 25147500
76, 25771800
76, 25412600
76, 25345200
76, 25058500
76, 25776300
76, 25701300
76, 25274600
76, 25386600
76, 25172000
76, 25070100
76, 25132800
76, 25413300
76, 25165800
76, 25272500
76, 25100500
76, 25125800
76, 25077200
76, 25062900
76, 25076200
76, 25383600
76, 25113000
76, 25347800
76, 25277200
76, 25148000
76, 25134600
76, 25209500
76, 25194200
76, 25155100
76, 25039100
76, 25823200
76, 25583000
76, 25970500
76, 25563600
76, 25450200
76, 25392000
77, 25659000
77, 29449600
77, 31034200
77, 25269700
77, 25087400
77, 25666600
77, 24973500
77, 24940700
77, 25455900
77, 25043400
77, 25446400
77, 25113600
77, 25292700
77, 25110900
77, 25401200
77, 25148900
77, 26184000
77, 24994200
77, 25051000
77, 25392600
77, 28962400
77, 25580000
77, 25341300
77, 25327900
77, 25554000
77, 26227200
77, 25799700
77, 25457100
77, 42056900
77, 32578800
77, 25375300
77, 25986300
77, 26657800
77, 25163800
77, 24900900
77, 24956100
77, 24866800
77, 24901600
77, 25018300
77, 27896600
77, 30223200
77, 26933200
77, 24989100
77, 25900700
77, 25410300
77, 29161600
77, 25113500
77, 26192200
77, 25715000
77, 25433400
78, 25515200
78, 25189900
78, 25237100
78, 25120400
78, 25355100
78, 25199200
78, 25782300
78, 25080300
78, 25059600
78, 25154900
78, 25080700
78, 25118500
78, 25400000
78, 25889200
78, 25495400
78, 25547600
78, 26172200
78, 25826900
78, 25598300
78, 25432600
78, 25499800
78, 31411900
78, 25859100
78, 25448500
78, 30145600
78, 25488100
78, 25404600
78, 30231500
78, 34218100
78, 25053600
78, 25273700
78, 25136700
78, 25569600
78, 25029800
78, 24936000
78, 25991300
78, 25322700
78, 25106900
78, 25166100
78, 25188500
78, 25147500
78, 25279000
78, 25224400
78, 25096400
78, 24990200
78, 25218700
78, 24918800
78, 24935200
78, 25080800
78, 24945400
79, 24890200
79, 24934500
79, 25459600
79, 25082900
79, 25113700
79, 24950600
79, 25114700
79, 25010000
79, 24904000
79, 25008700
79, 25500200
79, 25652100
79, 25334800
79, 26052600
79, 25898300
79, 25423900
79, 29633500
79, 29842000
79, 33277800
79, 29336200
79, 25752800
79, 25621200
79, 26184700
79, 25440100
79, 26962200
79, 25489600
79, 25028600
79, 25042600
79, 25244100
79, 26781500
79, 25031800
79, 25030400
79, 25071900
79, 25206400
79, 25453800
79, 25045200
79, 25223900
79, 24942100
79, 24945700
79, 25314800
79, 25069000
79, 25062800
79, 26316800
79, 25071500
79, 25093700
79, 24911600
79, 25763800
79, 25027800
79, 25102100
79, 25245900
80, 25142600
80, 25125000
80, 25368800
80, 25132400
80, 25199200
80, 26725600
80, 25070800
80, 25059600
80, 25149400
80, 25126600
80, 24999300
80, 25555900
80, 26154500
80, 26264500
80, 29126700
80, 25057600
80, 25223700
80, 25072300
80, 25143200
80, 25076800
80, 25328600
80, 26087000
80, 26043300
80, 25529000
80, 25681700
80, 24995100
80, 25848500
80, 25081200
80, 25042800
80, 26741100
80, 25266300
80, 25025800
80, 25341300
80, 25130300
80, 25161700
80, 25157000
80, 25116100
80, 25058800
80, 25429100
80, 25498200
80, 25479200
80, 25420100
80, 25380300
80, 25344000
80, 33434200
80, 29661900
80, 25766600
80, 30499300
80, 26089900
80, 25812000
81, 25976400
81, 27200500
81, 27659000
81, 25264600
81, 25001300
81, 25139800
81, 25269500
81, 25079100
81, 25371400
81, 25072500
81, 25305000
81, 25159500
81, 25936600
81, 25237300
81, 25091700
81, 28746300
81, 25080000
81, 25883400
81, 25427300
81, 25086000
81, 25059100
81, 25285500
81, 25272900
81, 25203500
81, 25232000
81, 25102600
81, 25168700
81, 25151900
81, 25248800
81, 25137300
81, 25253700
81, 25133500
81, 25063200
81, 27178300
81, 25973800
81, 25023900
81, 25134600
81, 26393200
81, 25342600
81, 25065700
81, 25255800
81, 25944700
81, 25312800
81, 25102400
81, 25096600
81, 25107300
81, 25589500
81, 24926300
81, 25082100
81, 24945000
82, 25182900
82, 24920300
82, 24937100
82, 24919900
82, 25156500
82, 25023000
82, 25160000
82, 25032800
82, 25077000
82, 25088500
82, 25247700
82, 25207000
82, 25135500
82, 24936100
82, 24909500
82, 24852700
82, 25506100
82, 25461100
82, 25424100
82, 25903700
82, 25859600
82, 25456900
82, 31905600
82, 34549800
82, 26109900
82, 28777700
82, 25353700
82, 25755000
82, 25104800
82, 29606300
82, 25671900
82, 26255500
82, 25151400
82, 29784900
82, 25183800
82, 25500400
82, 24942400
82, 25079700
82, 25270600
82, 25060200
82, 25469200
82, 25058200
82, 25446800
82, 25254100
82, 25046400
82, 28155800
82, 25328400
82, 25367700
82, 25105100
82, 25143900
83, 25240300
83, 25230000
83, 25266700
83, 25135700
83, 25794000
83, 25676600
83, 25512600
83, 29485200
83, 25505900
83, 25462900
83, 29554600
83, 26843700
83, 35831400
83, 26178300
83, 26392900
83, 25446600
83, 25589500
83, 25608200
83, 26996500
83, 26226600
83, 25221300
83, 25141900
83, 25076900
83, 25069300
83, 25068200
83, 25099500
83, 25277500
83, 25176900
83, 25096700
83, 25120600
83, 25005600
83, 25443400
83, 25449200
83, 25098900
83, 25192900
83, 25955100
83, 25493700
83, 32513500
83, 40125100
83, 26577600
83, 25697400
83, 25558300
83, 25697000
83, 25466100
83, 25470400
83, 25086700
83, 25162600
83, 25648300
83, 25532600
83, 25033500
84, 25208600
84, 24963100
84, 26485500
84, 25032500
84, 25019000
84, 25038500
84, 29534900
84, 25254900
84, 25762600
84, 25786300
84, 25037200
84, 24988500
84, 25303800
84, 25116800
84, 24956800
84, 25030400
84, 25165300
84, 24976600
84, 25281500
84, 25089000
84, 25071700
84, 25408200
84, 25285400
84, 25058100
84, 25455500
84, 25024400
84, 25141000
84, 25371300
84, 25086600
84, 25655600
84, 25315200
84, 25278700
84, 25157400
84, 26405300
84, 25249600
84, 25087700
84, 25496500
84, 25070600
84, 27064400
84, 25356400
84, 25071700
84, 25060800
84, 25324300
84, 25246600
84, 25266300
84, 25192800
84, 25518300
84, 25027400
84, 25784400
84, 25895700
85, 25956800
85, 28943900
85, 25132500
85, 25142400
85, 25378500
85, 25064300
85, 25169700
85, 25085500
85, 25198300
85, 25062400
85, 25880000
85, 25244200
85, 25141500
85, 25075200
85, 25266500
85, 25289600
85, 25346600
85, 25765200
85, 25643700
85, 25342000
85, 25311000
85, 25390800
85, 25719800
85, 24988500
85, 25011400
85, 24876200
85, 25148200
85, 25517100
85, 26063400
85, 25054200
85, 25016500
85, 25533000
85, 25186400
85, 25169700
85, 25235400
85, 25502200
85, 25315800
85, 25098100
85, 25118800
85, 25300500
85, 25477700
85, 25097800
85, 25232200
85, 25167900
85, 25140400
85, 25203400
85, 25233500
85, 25066200
85, 25076300
85, 29259000
86, 25918100
86, 28854800
86, 25270900
86, 25385900
86, 25173000
86, 25121800
86, 25128700
86, 25086700
86, 25477600
86, 26355200
86, 26084600
86, 25559900
86, 25560700
86, 30654900
86, 25733100
86, 26884200
86, 29963300
86, 26023600
86, 25111800
86, 25016900
86, 25128900
86, 24993900
86, 25259800
86, 25606400
86, 25182800
86, 25194500
86, 25171600
86, 25015700
86, 25521200
86, 25146100
86, 25192800
86, 25106700
86, 26382200
86, 25619200
86, 25153500
86, 25240000
86, 25088000
86, 25070700
86, 25297200
86, 25116000
86, 25726900
86, 25137800
86, 25179000
86, 25662000
86, 25362200
86, 24969200
86, 25108700
86, 24905300
86, 25572100
86, 25763200
87, 25840300
87, 25413400
87, 25423500
87, 25666800
87, 25509200
87, 35861400
87, 29204100
87, 25885200
87, 25118300
87, 25129100
87, 25267600
87, 25636800
87, 25913600
87, 25245700
87, 25201400
87, 25197100
87, 25182000
87, 29263200
87, 25298300
87, 25195800
87, 25624200
87, 25468400
87, 27780600
87, 25244500
87, 25385600
87, 25099700
87, 25268000
87, 25114900
87, 25449900
87, 25152500
87, 25124600
87, 24931300
87, 25055100
87, 25074000
87, 25237700
87, 25024600
87, 25140700
87, 25170500
87, 27200300
87, 25581600
87, 29791700
87, 25407900
87, 25573200
87, 28187000
87, 29348000
87, 25123800
87, 25085800
87, 25006200
87, 25180100
87, 24919900
88, 25023200
88, 26749900
88, 25310400
88, 25075300
88, 25262300
88, 25159300
88, 25222200
88, 25096100
88, 25444200
88, 25770800
88, 25114900
88, 25456600
88, 25551600
88, 25910400
88, 25677300
88, 25490100
88, 25571700
88, 25717700
88, 25978400
88, 25643200
88, 25726800
88, 25439400
88, 25576400
88, 25334400
88, 25469200
88, 26004400
88, 25844600
88, 26047800
88, 25681800
88, 26642200
88, 25402200
88, 25537700
88, 27825900
88, 27987400
88, 25628800
88, 36178100
88, 26106400
88, 25732100
88, 25811600
88, 25425900
88, 27288900
88, 25721400
88, 25052300
88, 24969700
88, 24904600
88, 25107400
88, 25122900
88, 25484600
88, 25158200
88, 24996500
89, 24986200
89, 24960900
89, 25106400
89, 25002600
89, 24935400
89, 24966700
89, 25950100
89, 26019000
89, 25597600
89, 25797800
89, 25784600
89, 25444600
89, 25415500
89, 25353500
89, 25594400
89, 25730100
89, 25362300
89, 26229000
89, 25478200
89, 25537000
89, 25626000
89, 30508500
89, 26735100
89, 28527200
89, 25731200
89, 26403800
89, 25841100
89, 28409900
89, 25457200
89, 27154200
89, 26250300
89, 38319000
89, 40612500
89, 37131700
89, 37444000
89, 33979900
89, 26626900
89, 26026600
89, 33369900
89, 25255400
89, 25647900
89, 26090600
89, 24975700
89, 25508600
89, 26344300
89, 26454900
89, 25943500
89, 25206000
89, 25241600
89, 25617500
90, 25876000
90, 25194500
90, 25950100
90, 25956400
90, 25533100
90, 24991100
90, 26190500
90, 27447900
90, 26710800
90, 25904500
90, 25560300
90, 27133700
90, 25418300
90, 25661900
90, 25266900
90, 26820900
90, 25304600
90, 25220000
90, 25214900
90, 25272900
90, 25237300
90, 25045200
90, 25836900
90, 25879000
90, 25742600
90, 25400900
90, 25997400
90, 25439200
90, 25727600
90, 25421100
90, 28659000
90, 26001400
90, 25625500
90, 25770200
90, 25470400
90, 26025300
90, 25945000
90, 25562800
90, 25379800
90, 30964300
90, 26238300
90, 25740300
90, 26425100
90, 25395700
90, 25499900
90, 31708300
90, 25809800
90, 24980000
90, 25211500
90, 25070900
91, 25161200
91, 25094700
91, 25484600
91, 25575300
91, 26814100
91, 25394600
91, 25677400
91, 24936700
91, 25215700
91, 25190700
91, 25256000
91, 25258500
91, 25125800
91, 25214900
91, 25162300
91, 25108900
91, 25277900
91, 25046700
91, 25077300
91, 25036800
91, 25093900
91, 25085000
91, 25329100
91, 25091900
91, 25077200
91, 25285200
91, 25102300
91, 25134100
91, 26592400
91, 27065100
91, 28351000
91, 25670900
91, 26056000
91, 25470700
91, 31280000
91, 26147500
91, 24985200
91, 25029600
91, 24981300
91, 28424100
91, 25080800
91, 27228800
91, 25935500
91, 25699200
91, 25177400
91, 25139400
91, 25283100
91, 25257700
91, 25086500
91, 25700700
92, 25062800
92, 25268100
92, 26239800
92, 25518100
92, 25566700
92, 25517600
92, 32772700
92, 25777600
92, 25689400
92, 26142000
92, 25895200
92, 29950700
92, 25579600
92, 25526000
92, 25962000
92, 25408300
92, 25673400
92, 25423800
92, 25446800
92, 25599800
92, 25637900
92, 25966500
92, 26207100
92, 31706000
92, 25955600
92, 28232000
92, 25822600
92, 29889500
92, 25560100
92, 36347500
92, 29692700
92, 25175500
92, 25180300
92, 25150700
92, 25101100
92, 25166900
92, 25187800
92, 25073300
92, 26403700
92, 25667300
92, 25311400
92, 25160500
92, 25288400
92, 25143200
92, 25238800
92, 25133000
92, 25119900
92, 25097200
92, 25113000
92, 25172900
93, 25852900
93, 25117900
93, 25184600
93, 25353500
93, 25106300
93, 25174900
93, 25426800
93, 25118900
93, 25113900
93, 25072800
93, 25216000
93, 25692500
93, 28662500
93, 25165700
93, 25303500
93, 25095900
93, 28779500
93, 25077800
93, 25663100
93, 25441800
93, 25522500
93, 25354600
93, 25697500
93, 25236700
93, 25381900
93, 25207700
93, 25787000
93, 25147600
93, 25299200
93, 25214200
93, 25302800
93, 25507600
93, 25089200
93, 25048300
93, 25171100
93, 25109600
93, 25248300
93, 25084400
93, 25230600
93, 25428600
93, 25239600
93, 25109100
93, 25321300
93, 26436100
93, 25582700
93, 25481800
93, 25522700
93, 25517700
93, 28852200
93, 25593400
94, 37468700
94, 28631500
94, 27875500
94, 26094400
94, 25267000
94, 25134300
94, 25842600
94, 25638000
94, 25319500
94, 25156300
94, 25295400
94, 25091000
94, 25067300
94, 25064500
94, 25120700
94, 25107400
94, 26140500
94, 25510400
94, 25351100
94, 26239000
94, 25425600
94, 25529300
94, 26129800
94, 25754800
94, 25551700
94, 28053000
94, 25459100
94, 25987000
94, 26216500
94, 25428500
94, 25781000
94, 26971100
94, 26112000
94, 26591800
94, 25921300
94, 25886100
94, 25494500
94, 25454200
94, 29494700
94, 27162900
94, 25744500
94, 26138000
94, 25852100
94, 25512700
94, 29227000
94, 25712700
94, 27088700
94, 25965100
94, 26580200
94, 25722800
95, 25996000
95, 25457900
95, 25569000
95, 26171400
95, 25462500
95, 25486300
95, 25643100
95, 25629100
95, 26245000
95, 25438400
95, 25531600
95, 25431800
95, 25907300
95, 25415500
95, 25649000
95, 25369800
95, 26078800
95, 25453700
95, 35996900
95, 25432100
95, 25665100
95, 24968100
95, 25035600
95, 25217700
95, 25030800
95, 25011300
95, 27589700
95, 25313100
95, 25307300
95, 25137300
95, 25355100
95, 25073300
95, 25537000
95, 25178500
95, 25496200
95, 25344700
95, 25170600
95, 25141300
95, 25365200
95, 25055300
95, 25178300
95, 25098600
95, 25124400
95, 25106400
95, 25334800
95, 25129500
95, 25082000
95, 25121700
95, 25199600
95, 25174600
96, 25247300
96, 25731800
96, 25493000
96, 25382000
96, 40332100
96, 32929700
96, 25943200
96, 25534300
96, 29867600
96, 25301800
96, 24970900
96, 25221000
96, 25084500
96, 25157400
96, 25138900
96, 25861000
96, 25224200
96, 25179100
96, 25346000
96, 25276500
96, 25159500
96, 28759300
96, 25172400
96, 25591600
96, 25341700
96, 25127800
96, 25124700
96, 25416000
96, 25046400
96, 24958300
96, 25081400
96, 24953100
96, 24979400
96, 25068800
96, 25062400
96, 24884200
96, 25671400
96, 25917000
96, 25499000
96, 25077200
96, 26216000
96, 25616800
96, 25583800
96, 25523000
96, 25891000
96, 26180800
96, 25595600
96, 29614400
96, 31595200
96, 26001100
97, 25449400
97, 25544900
97, 25469300
97, 26410100
97, 30598800
97, 28994800
97, 25180200
97, 25164600
97, 25224500
97, 25080300
97, 25246500
97, 25589000
97, 25739200
97, 25033800
97, 25197200
97, 25182700
97, 25343500
97, 25276700
97, 25060700
97, 25075600
97, 29672400
97, 25575600
97, 25619800
97, 25579300
97, 25618600
97, 25269400
97, 28458700
97, 25827700
97, 25756500
97, 31887200
97, 25795200
97, 25651100
97, 25589100
97, 25679400
97, 26448000
97, 25499200
97, 25655900
97, 25455200
97, 25842800
97, 25432700
97, 26076300
97, 37190000
97, 35143000
97, 31358500
97, 25096500
97, 25258000
97, 25498100
97, 25706600
97, 25580900
97, 25576600
98, 25262500
98, 25112500
98, 25146100
98, 25026300
98, 25117800
98, 25130200
98, 25005000
98, 25070700
98, 25373300
98, 25683100
98, 25456300
98, 25791000
98, 25414000
98, 25888100
98, 25741100
98, 30446500
98, 25621900
98, 28693300
98, 25581600
98, 26231000
98, 25719700
98, 25658500
98, 26308000
98, 25668600
98, 26353100
98, 25523200
98, 25785000
98, 26051100
98, 25684900
98, 25559700
98, 30597100
98, 25868100
98, 25742800
98, 25658700
98, 26367600
98, 32620900
98, 34223900
98, 27145600
98, 26089600
98, 25374000
98, 25300400
98, 25250200
98, 25273700
98, 25277900
98, 25551000
98, 27189800
98, 26096400
98, 25263400
98, 25105300
98, 25274300
99, 26202400
99, 24903000
99, 24954600
99, 25540700
99, 25565300
99, 25082500
99, 27793100
99, 25104300
99, 25099500
99, 25154700
99, 25070400
99, 25800200
99, 25423000
99, 25075100
99, 25151300
99, 25016700
99, 25237000
99, 25112100
99, 25586500
99, 25019600
99, 25616900
99, 25097000
99, 25167600
99, 25278000
99, 26369100
99, 24978200
99, 29780200
99, 25958300
99, 25162700
99, 25107000
99, 25256200
99, 25107700
99, 25269200
99, 25574400
99, 24971700
99, 25972000
99, 25819000
99, 25759200
99, 25477600
99, 25689100
99, 25815500
99, 25516900
99, 29789700
99, 26187400
99, 26391500
99, 26000600
99, 25618000
99, 25639400
99, 26013700
99, 25656400
100, 25557800
100, 25972900
100, 25583600
100, 25836500
100, 28321300
100, 25820400
100, 29684500
100, 28492800
100, 25440800
100, 25286500
100, 25442900
100, 25236700
100, 25282400
100, 25353200
100, 25657500
100, 25865800
100, 25253000
100, 25142900
100, 25149700
100, 25112400
100, 24977200
100, 24917600
100, 25174600
100, 26140300
100, 25427900
100, 25555800
100, 28575900
100, 25620400
100, 25630900
100, 25655000
100, 26266400
100, 25786800
100, 25999100
100, 25670100
100, 25827700
100, 25474800
100, 25437900
100, 25626100
100, 25642800
100, 26253900
100, 25841300
100, 26112200
100, 25712300
100, 25599200
100, 25793500
100, 28353100
100, 26029600
100, 25695200
100, 25584500
100, 29859300
