0, 32113000
0, 32110000
0, 32222000
0, 32089000
0, 32072000
0, 32606000
0, 32937000
0, 32051000
0, 32061000
0, 32134000
0, 32135000
0, 32757000
0, 32387000
0, 33489000
0, 32754000
0, 32845000
0, 32201000
0, 32074000
0, 32240000
0, 32086000
0, 37974000
0, 32141000
0, 32168000
0, 32055000
0, 32081000
0, 32109000
0, 32206000
0, 32048000
0, 32248000
0, 32181000
0, 32136000
0, 32085000
0, 36416000
0, 32196000
0, 32085000
0, 32072000
0, 32466000
0, 32552000
0, 32156000
0, 32171000
0, 32142000
0, 32023000
0, 32061000
0, 32042000
0, 33217000
0, 34693000
0, 33798000
0, 32085000
0, 32110000
0, 32220000
1, 33381000
1, 32427000
1, 32109000
1, 32537000
1, 32109000
1, 32310000
1, 32069000
1, 32048000
1, 32219000
1, 32252000
1, 32141000
1, 32474000
1, 32094000
1, 32092000
1, 32293000
1, 32965000
1, 37208000
1, 32242000
1, 32505000
1, 34306000
1, 35153000
1, 32024000
1, 32035000
1, 32270000
1, 32282000
1, 32166000
1, 32038000
1, 32055000
1, 32061000
1, 32039000
1, 32025000
1, 35397000
1, 32086000
1, 32017000
1, 32016000
1, 31995000
1, 32003000
1, 31991000
1, 32034000
1, 32141000
1, 32029000
1, 32028000
1, 32030000
1, 32017000
1, 34468000
1, 32197000
1, 32034000
1, 32208000
1, 32072000
1, 32405000
2, 32464000
2, 32203000
2, 32032000
2, 32098000
2, 32009000
2, 32276000
2, 32788000
2, 32137000
2, 32276000
2, 33119000
2, 32577000
2, 35011000
2, 33592000
2, 32224000
2, 32020000
2, 32071000
2, 32048000
2, 32047000
2, 32152000
2, 32119000
2, 32245000
2, 32080000
2, 32107000
2, 32234000
2, 34283000
2, 32692000
2, 32682000
2, 32220000
2, 32247000
2, 32119000
2, 32377000
2, 32672000
2, 32037000
2, 32035000
2, 36553000
2, 32047000
2, 32758000
2, 34064000
2, 31933000
2, 32475000
2, 32253000
2, 32066000
2, 32011000
2, 32379000
2, 32036000
2, 32007000
2, 32060000
2, 32013000
2, 32006000
2, 32594000
3, 32105000
3, 32172000
3, 32061000
3, 32101000
3, 32095000
3, 35466000
3, 49555000
3, 32021000
3, 32105000
3, 32588000
3, 32819000
3, 32299000
3, 32621000
3, 32038000
3, 32050000
3, 32016000
3, 32001000
3, 32236000
3, 32009000
3, 32032000
3, 32029000
3, 32029000
3, 32019000
3, 32271000
3, 32069000
3, 32037000
3, 32002000
3, 32011000
3, 32046000
3, 32014000
3, 32025000
3, 32002000
3, 32014000
3, 32011000
3, 32055000
3, 32019000
3, 32120000
3, 32071000
3, 32048000
3, 31997000
3, 36284000
3, 33454000
3, 32290000
3, 33085000
3, 31910000
3, 31988000
3, 31916000
3, 31921000
3, 33507000
3, 32039000
4, 32016000
4, 31999000
4, 32056000
4, 32014000
4, 36567000
4, 32019000
4, 32107000
4, 32003000
4, 32011000
4, 32016000
4, 31996000
4, 32895000
4, 31887000
4, 31951000
4, 31918000
4, 36300000
4, 32040000
4, 32201000
4, 36069000
4, 31933000
4, 32696000
4, 35846000
4, 34788000
4, 32547000
4, 34983000
4, 38521000
4, 33239000
4, 32136000
4, 34585000
4, 33264000
4, 32056000
4, 32053000
4, 32082000
4, 32019000
4, 32385000
4, 32972000
4, 31861000
4, 31875000
4, 32036000
4, 31931000
4, 31942000
4, 31943000
4, 31942000
4, 31927000
4, 32171000
4, 32035000
4, 32148000
4, 32031000
4, 32283000
4, 31941000
5, 32169000
5, 31931000
5, 31943000
5, 31994000
5, 32411000
5, 32422000
5, 31996000
5, 32005000
5, 32142000
5, 33596000
5, 32454000
5, 31911000
5, 32273000
5, 31962000
5, 32044000
5, 33597000
5, 32311000
5, 32081000
5, 32132000
5, 31954000
5, 31906000
5, 31958000
5, 32040000
5, 31922000
5, 32276000
5, 32487000
5, 32040000
5, 31973000
5, 32120000
5, 32143000
5, 36959000
5, 32049000
5, 31950000
5, 34015000
5, 31999000
5, 31980000
5, 33209000
5, 33183000
5, 32454000
5, 32273000
5, 32448000
5, 31896000
5, 31920000
5, 32894000
5, 32033000
5, 32045000
5, 32210000
5, 32141000
5, 32287000
5, 32000000
6, 32028000
6, 32031000
6, 32012000
6, 32016000
6, 32025000
6, 32025000
6, 32003000
6, 31999000
6, 32013000
6, 32225000
6, 32090000
6, 32015000
6, 32374000
6, 32037000
6, 32086000
6, 32092000
6, 32062000
6, 32237000
6, 32070000
6, 32565000
6, 33429000
6, 32323000
6, 32062000
6, 32052000
6, 32070000
6, 32010000
6, 31999000
6, 32159000
6, 37047000
6, 32695000
6, 31882000
6, 31928000
6, 31926000
6, 32092000
6, 31964000
6, 31970000
6, 31969000
6, 31956000
6, 31914000
6, 32019000
6, 32013000
6, 32206000
6, 36159000
6, 32050000
6, 32060000
6, 31996000
6, 32099000
6, 31991000
6, 32085000
6, 32371000
7, 32374000
7, 33043000
7, 32342000
7, 31928000
7, 32071000
7, 31977000
7, 31927000
7, 31969000
7, 33354000
7, 32246000
7, 36249000
7, 32097000
7, 32054000
7, 31921000
7, 31969000
7, 31962000
7, 31911000
7, 31955000
7, 32014000
7, 31927000
7, 31940000
7, 32130000
7, 32140000
7, 31921000
7, 31931000
7, 32029000
7, 32023000
7, 31968000
7, 31968000
7, 31920000
7, 32193000
7, 32206000
7, 32392000
7, 33973000
7, 33383000
7, 33225000
7, 34764000
7, 32409000
7, 35576000
7, 34443000
7, 32116000
7, 32084000
7, 32091000
7, 32046000
7, 32064000
7, 32076000
7, 31997000
7, 32045000
7, 32004000
7, 32001000
8, 32070000
8, 32004000
8, 32062000
8, 32124000
8, 35546000
8, 31998000
8, 32016000
8, 32023000
8, 34309000
8, 31871000
8, 31872000
8, 31947000
8, 31958000
8, 32080000
8, 31963000
8, 31978000
8, 31960000
8, 31938000
8, 31915000
8, 32382000
8, 33203000
8, 35341000
8, 32057000
8, 32180000
8, 32133000
8, 31953000
8, 31952000
8, 31927000
8, 31985000
8, 31917000
8, 32076000
8, 31998000
8, 32016000
8, 32099000
8, 32046000
8, 32013000
8, 32080000
8, 32185000
8, 31966000
8, 32063000
8, 31967000
8, 31925000
8, 35413000
8, 32332000
8, 33890000
8, 31969000
8, 31987000
8, 32025000
8, 32042000
8, 31973000
9, 33194000
9, 44375000
9, 34706000
9, 33526000
9, 33662000
9, 33578000
9, 33620000
9, 33784000
9, 34932000
9, 34365000
9, 32694000
9, 33145000
9, 33772000
9, 34227000
9, 32282000
9, 32076000
9, 34624000
9, 32022000
9, 32013000
9, 32037000
9, 32020000
9, 33117000
9, 32473000
9, 31994000
9, 32069000
9, 32096000
9, 31959000
9, 32139000
9, 31966000
9, 31916000
9, 32069000
9, 32160000
9, 32333000
9, 31890000
9, 31910000
9, 31941000
9, 31931000
9, 32177000
9, 31923000
9, 31917000
9, 31925000
9, 31922000
9, 32911000
9, 32047000
9, 32040000
9, 32614000
9, 31838000
9, 31940000
9, 31882000
9, 31923000
10, 31948000
10, 32136000
10, 32448000
10, 32078000
10, 31891000
10, 33146000
10, 33480000
10, 31905000
10, 32621000
10, 32048000
10, 32013000
10, 32747000
10, 31907000
10, 31842000
10, 32011000
10, 31900000
10, 31879000
10, 31938000
10, 31901000
10, 35931000
10, 35316000
10, 32045000
10, 32638000
10, 32406000
10, 32165000
10, 32157000
10, 31903000
10, 31916000
10, 33738000
10, 32208000
10, 31988000
10, 32074000
10, 31942000
10, 32135000
10, 32256000
10, 32033000
10, 33500000
10, 32125000
10, 33020000
10, 31978000
10, 32245000
10, 32017000
10, 31940000
10, 33518000
10, 34429000
10, 32119000
10, 32029000
10, 32070000
10, 31955000
10, 32058000
11, 32044000
11, 31913000
11, 31976000
11, 31940000
11, 31966000
11, 31967000
11, 32431000
11, 32006000
11, 32595000
11, 32016000
11, 32050000
11, 32138000
11, 34410000
11, 32117000
11, 31936000
11, 32039000
11, 32567000
11, 34090000
11, 32143000
11, 32173000
11, 32045000
11, 32767000
11, 32211000
11, 33465000
11, 34269000
11, 32027000
11, 32762000
11, 32001000
11, 32128000
11, 32002000
11, 35384000
11, 32005000
11, 31951000
11, 32682000
11, 31958000
11, 32390000
11, 34761000
11, 32050000
11, 32123000
11, 31922000
11, 35848000
11, 31970000
11, 32258000
11, 31971000
11, 31991000
11, 31962000
11, 32135000
11, 32736000
11, 32564000
11, 32229000
12, 31990000
12, 31962000
12, 32317000
12, 32204000
12, 33780000
12, 32089000
12, 32096000
12, 32170000
12, 31986000
12, 31907000
12, 31985000
12, 32052000
12, 31953000
12, 31968000
12, 31939000
12, 31915000
12, 31994000
12, 32044000
12, 32061000
12, 31956000
12, 31952000
12, 31909000
12, 32369000
12, 33418000
12, 32141000
12, 31912000
12, 35214000
12, 32034000
12, 32452000
12, 34194000
12, 31916000
12, 31934000
12, 32872000
12, 32048000
12, 32034000
12, 32324000
12, 32096000
12, 32021000
12, 32034000
12, 32012000
12, 32041000
12, 32007000
12, 32423000
12, 32013000
12, 31892000
12, 33265000
12, 32212000
12, 31964000
12, 31969000
12, 32063000
13, 31943000
13, 31938000
13, 31914000
13, 36883000
13, 34834000
13, 36504000
13, 32084000
13, 32577000
13, 32328000
13, 33166000
13, 32076000
13, 31933000
13, 31946000
13, 32009000
13, 32097000
13, 33350000
13, 33527000
13, 32627000
13, 32033000
13, 32089000
13, 32498000
13, 32016000
13, 31982000
13, 32267000
13, 31934000
13, 32010000
13, 31936000
13, 31927000
13, 35613000
13, 32155000
13, 31925000
13, 31941000
13, 35122000
13, 31939000
13, 34597000
13, 32167000
13, 32308000
13, 31924000
13, 31923000
13, 31938000
13, 33569000
13, 32085000
13, 32096000
13, 31971000
13, 31918000
13, 32265000
13, 33173000
13, 32095000
13, 36538000
13, 31931000
14, 31920000
14, 31968000
14, 31987000
14, 31949000
14, 31973000
14, 31973000
14, 32031000
14, 31925000
14, 31943000
14, 31939000
14, 32031000
14, 32005000
14, 31959000
14, 31952000
14, 31962000
14, 35449000
14, 32001000
14, 32145000
14, 39181000
14, 34876000
14, 32840000
14, 32130000
14, 32763000
14, 32027000
14, 32017000
14, 31985000
14, 32030000
14, 32480000
14, 32787000
14, 32305000
14, 32029000
14, 31995000
14, 31998000
14, 32010000
14, 32438000
14, 31879000
14, 31898000
14, 32010000
14, 32023000
14, 32500000
14, 32090000
14, 32265000
14, 31962000
14, 31985000
14, 31947000
14, 31936000
14, 31947000
14, 31951000
14, 31968000
14, 32213000
15, 31982000
15, 32589000
15, 33506000
15, 32048000
15, 31920000
15, 31990000
15, 32048000
15, 32199000
15, 34390000
15, 36026000
15, 32152000
15, 31959000
15, 31913000
15, 31899000
15, 31990000
15, 31949000
15, 32048000
15, 31970000
15, 31934000
15, 32044000
15, 31953000
15, 32038000
15, 32091000
15, 31919000
15, 31967000
15, 36059000
15, 32493000
15, 36320000
15, 31951000
15, 31923000
15, 32236000
15, 31997000
15, 36655000
15, 34147000
15, 32054000
15, 32048000
15, 32036000
15, 32016000
15, 32909000
15, 32073000
15, 32060000
15, 32023000
15, 32036000
15, 32015000
15, 32007000
15, 32010000
15, 32025000
15, 32005000
15, 31976000
15, 31985000
16, 32006000
16, 32007000
16, 32051000
16, 31998000
16, 33094000
16, 31936000
16, 31907000
16, 31907000
16, 34339000
16, 32140000
16, 32064000
16, 32048000
16, 32398000
16, 34459000
16, 32145000
16, 31998000
16, 32032000
16, 31933000
16, 31967000
16, 33235000
16, 32577000
16, 32204000
16, 32005000
16, 31974000
16, 32120000
16, 31942000
16, 31910000
16, 34888000
16, 31912000
16, 31955000
16, 31911000
16, 32082000
16, 32005000
16, 32084000
16, 31937000
16, 31912000
16, 31953000
16, 31967000
16, 32234000
16, 35970000
16, 32233000
16, 31955000
16, 31906000
16, 32448000
16, 32981000
16, 33989000
16, 31943000
16, 36400000
16, 32016000
16, 31973000
17, 33687000
17, 32240000
17, 32097000
17, 32069000
17, 31951000
17, 31916000
17, 32067000
17, 31948000
17, 31902000
17, 32029000
17, 32714000
17, 32727000
17, 32750000
17, 31953000
17, 32180000
17, 32013000
17, 31943000
17, 31948000
17, 31915000
17, 36583000
17, 32081000
17, 36553000
17, 31937000
17, 33936000
17, 32459000
17, 34084000
17, 33100000
17, 31928000
17, 33046000
17, 34756000
17, 32015000
17, 32126000
17, 32055000
17, 32053000
17, 31997000
17, 32011000
17, 31992000
17, 31995000
17, 32015000
17, 31999000
17, 31999000
17, 32107000
17, 32163000
17, 31988000
17, 32035000
17, 32031000
17, 32005000
17, 32000000
17, 32000000
17, 32042000
18, 33015000
18, 31918000
18, 31938000
18, 31915000
18, 31935000
18, 32398000
18, 33105000
18, 31942000
18, 31921000
18, 35780000
18, 31938000
18, 32086000
18, 33449000
18, 32265000
18, 31981000
18, 31932000
18, 32026000
18, 31955000
18, 31982000
18, 31973000
18, 31916000
18, 31920000
18, 31991000
18, 31924000
18, 31931000
18, 32155000
18, 32030000
18, 32024000
18, 32000000
18, 31923000
18, 32003000
18, 32520000
18, 31945000
18, 31936000
18, 31975000
18, 31926000
18, 32372000
18, 34575000
18, 32503000
18, 31883000
18, 31940000
18, 32483000
18, 32002000
18, 33590000
18, 32242000
18, 32004000
18, 31926000
18, 32233000
18, 31970000
18, 31926000
19, 31954000
19, 32227000
19, 34730000
19, 31952000
19, 31968000
19, 32233000
19, 32003000
19, 32066000
19, 31997000
19, 32114000
19, 31956000
19, 31941000
19, 31977000
19, 34268000
19, 36671000
19, 42331000
19, 33853000
19, 33161000
19, 33223000
19, 32079000
19, 32012000
19, 32023000
19, 32010000
19, 32033000
19, 32321000
19, 33142000
19, 33770000
19, 35586000
19, 31976000
19, 32023000
19, 32479000
19, 31873000
19, 31898000
19, 31900000
19, 32138000
19, 32128000
19, 32034000
19, 32044000
19, 31954000
19, 31922000
19, 32005000
19, 31956000
19, 31968000
19, 31966000
19, 31994000
19, 31952000
19, 31965000
19, 31912000
19, 33695000
19, 32109000
20, 32067000
20, 32358000
20, 32087000
20, 33003000
20, 33514000
20, 32098000
20, 32178000
20, 38257000
20, 31932000
20, 32032000
20, 31990000
20, 31947000
20, 32030000
20, 31988000
20, 31950000
20, 31907000
20, 31987000
20, 31975000
20, 32115000
20, 31927000
20, 31966000
20, 31981000
20, 32041000
20, 32030000
20, 31980000
20, 36072000
20, 31956000
20, 31961000
20, 32045000
20, 32655000
20, 32138000
20, 32320000
20, 32025000
20, 32021000
20, 31903000
20, 33718000
20, 32307000
20, 32052000
20, 36313000
20, 31985000
20, 31944000
20, 32054000
20, 31961000
20, 31915000
20, 31927000
20, 31930000
20, 31918000
20, 31969000
20, 32121000
20, 32122000
21, 32229000
21, 33043000
21, 31966000
21, 31932000
21, 32323000
21, 35389000
21, 32087000
21, 31914000
21, 32001000
21, 32361000
21, 34109000
21, 31925000
21, 31901000
21, 32758000
21, 32026000
21, 32003000
21, 32253000
21, 32391000
21, 31921000
21, 32593000
21, 32040000
21, 32029000
21, 31993000
21, 32021000
21, 31983000
21, 31995000
21, 32030000
21, 31985000
21, 31988000
21, 32670000
21, 32848000
21, 31994000
21, 32004000
21, 31992000
21, 31998000
21, 32095000
21, 32052000
21, 31986000
21, 33830000
21, 31990000
21, 32116000
21, 32014000
21, 32016000
21, 32177000
21, 32003000
21, 31986000
21, 32049000
21, 32243000
21, 33297000
21, 32179000
22, 35618000
22, 32163000
22, 32198000
22, 32175000
22, 31930000
22, 31970000
22, 31918000
22, 31961000
22, 31906000
22, 32003000
22, 32005000
22, 32023000
22, 31966000
22, 31996000
22, 31909000
22, 32002000
22, 31946000
22, 32174000
22, 31991000
22, 31923000
22, 31910000
22, 32275000
22, 33548000
22, 31944000
22, 32024000
22, 32115000
22, 31963000
22, 32068000
22, 33505000
22, 32341000
22, 35288000
22, 32021000
22, 31908000
22, 31991000
22, 31997000
22, 31945000
22, 31974000
22, 31949000
22, 31956000
22, 31907000
22, 31944000
22, 31961000
22, 32069000
22, 31967000
22, 32057000
22, 31954000
22, 31958000
22, 32013000
22, 31974000
22, 35167000
23, 31959000
23, 31899000
23, 32191000
23, 31999000
23, 31955000
23, 32079000
23, 32004000
23, 31904000
23, 31905000
23, 33708000
23, 32292000
23, 32011000
23, 32012000
23, 31967000
23, 36030000
23, 32052000
23, 36093000
23, 31920000
23, 31908000
23, 32012000
23, 31909000
23, 31923000
23, 31966000
23, 32050000
23, 32167000
23, 32495000
23, 31925000
23, 31924000
23, 32011000
23, 31956000
23, 32069000
23, 32074000
23, 31917000
23, 32541000
23, 34092000
23, 33189000
23, 32490000
23, 32035000
23, 32179000
23, 32015000
23, 32109000
23, 32092000
23, 32010000
23, 32000000
23, 32003000
23, 31993000
23, 32008000
23, 32762000
23, 31875000
23, 31939000
24, 32294000
24, 32573000
24, 31974000
24, 31961000
24, 35132000
24, 31964000
24, 32183000
24, 31982000
24, 31928000
24, 31940000
24, 31993000
24, 36658000
24, 44188000
24, 32784000
24, 32841000
24, 32365000
24, 32175000
24, 32086000
24, 31921000
24, 31909000
24, 32982000
24, 32241000
24, 33030000
24, 31860000
24, 31856000
24, 32418000
24, 31982000
24, 32179000
24, 32034000
24, 31992000
24, 31999000
24, 32049000
24, 31993000
24, 31994000
24, 32057000
24, 31999000
24, 31988000
24, 31994000
24, 31989000
24, 31992000
24, 32650000
24, 31892000
24, 31889000
24, 31871000
24, 32028000
24, 33774000
24, 31933000
24, 31946000
24, 32000000
24, 32092000
25, 31906000
25, 33633000
25, 32406000
25, 32118000
25, 32355000
25, 31898000
25, 31930000
25, 31969000
25, 32016000
25, 34798000
25, 32087000
25, 31924000
25, 31905000
25, 31919000
25, 32599000
25, 32101000
25, 31915000
25, 32008000
25, 32037000
25, 31959000
25, 32083000
25, 32002000
25, 31931000
25, 31997000
25, 35546000
25, 31889000
25, 33356000
25, 32246000
25, 32113000
25, 32008000
25, 32168000
25, 31909000
25, 33420000
25, 32309000
25, 32093000
25, 32300000
25, 31988000
25, 32197000
25, 31979000
25, 36344000
25, 31975000
25, 31940000
25, 32007000
25, 31917000
25, 31910000
25, 31994000
25, 32045000
25, 32099000
25, 31939000
25, 32747000
26, 31878000
26, 32065000
26, 33526000
26, 34626000
26, 31938000
26, 31922000
26, 31943000
26, 34600000
26, 32083000
26, 31994000
26, 31928000
26, 32043000
26, 32082000
26, 33632000
26, 32382000
26, 32295000
26, 32961000
26, 31991000
26, 31906000
26, 31980000
26, 32061000
26, 32037000
26, 32005000
26, 31908000
26, 32207000
26, 31986000
26, 31968000
26, 32018000
26, 31929000
26, 31914000
26, 31959000
26, 31902000
26, 31953000
26, 32030000
26, 35265000
26, 31986000
26, 36458000
26, 32370000
26, 32322000
26, 31991000
26, 31998000
26, 31955000
26, 32041000
26, 31942000
26, 34098000
26, 32064000
26, 32176000
26, 37375000
26, 31939000
26, 32225000
27, 31921000
27, 31990000
27, 34177000
27, 32046000
27, 32000000
27, 32055000
27, 35700000
27, 31945000
27, 32211000
27, 31998000
27, 35742000
27, 31908000
27, 31957000
27, 32053000
27, 31982000
27, 31921000
27, 31904000
27, 31897000
27, 32092000
27, 33643000
27, 34434000
27, 35855000
27, 37635000
27, 35043000
27, 34704000
27, 34348000
27, 33437000
27, 32068000
27, 32050000
27, 32051000
27, 32007000
27, 32859000
27, 32843000
27, 31998000
27, 32128000
27, 31997000
27, 32055000
27, 33009000
27, 32003000
27, 31899000
27, 31990000
27, 31906000
27, 31960000
27, 31931000
27, 32655000
27, 32073000
27, 36236000
27, 31905000
27, 31915000
27, 33195000
28, 31974000
28, 32007000
28, 36259000
28, 32003000
28, 36004000
28, 34197000
28, 32049000
28, 32170000
28, 32266000
28, 32013000
28, 35176000
28, 31984000
28, 33147000
28, 31912000
28, 31991000
28, 31913000
28, 31891000
28, 32025000
28, 32607000
28, 31976000
28, 31951000
28, 32013000
28, 31918000
28, 31926000
28, 31972000
28, 31926000
28, 31970000
28, 31943000
28, 31936000
28, 33716000
28, 32011000
28, 31918000
28, 31903000
28, 32042000
28, 32003000
28, 31950000
28, 33713000
28, 32300000
28, 32100000
28, 32094000
28, 32168000
28, 31926000
28, 32073000
28, 32070000
28, 31997000
28, 35601000
28, 32079000
28, 32006000
28, 31920000
28, 32066000
29, 32163000
29, 35491000
29, 32006000
29, 31897000
29, 31939000
29, 32768000
29, 32361000
29, 35976000
29, 39733000
29, 37427000
29, 32957000
29, 32037000
29, 31967000
29, 31918000
29, 32016000
29, 32934000
29, 32164000
29, 32060000
29, 33703000
29, 31988000
29, 31864000
29, 31894000
29, 33007000
29, 32888000
29, 32021000
29, 31877000
29, 31980000
29, 32058000
29, 32000000
29, 32162000
29, 32251000
29, 32043000
29, 31928000
29, 31958000
29, 32086000
29, 31944000
29, 32081000
29, 31945000
29, 32460000
29, 32006000
29, 32458000
29, 33969000
29, 31967000
29, 32830000
29, 32092000
29, 31914000
29, 32015000
29, 34703000
29, 33018000
29, 32041000
30, 32081000
30, 31986000
30, 32004000
30, 32001000
30, 32019000
30, 31993000
30, 31990000
30, 31972000
30, 32486000
30, 32048000
30, 32902000
30, 31984000
30, 32004000
30, 32010000
30, 31902000
30, 32052000
30, 32136000
30, 32279000
30, 32059000
30, 36490000
30, 32036000
30, 32800000
30, 32609000
30, 31913000
30, 31924000
30, 31998000
30, 31985000
30, 31919000
30, 33429000
30, 32283000
30, 32025000
30, 32112000
30, 32082000
30, 32278000
30, 35546000
30, 32113000
30, 32004000
30, 32662000
30, 33058000
30, 34197000
30, 32089000
30, 32346000
30, 32015000
30, 31960000
30, 32716000
30, 32487000
30, 31939000
30, 31968000
30, 38969000
30, 35676000
31, 36566000
31, 32604000
31, 36508000
31, 34136000
31, 32048000
31, 32614000
31, 31872000
31, 31883000
31, 32397000
31, 33356000
31, 31964000
31, 31901000
31, 31919000
31, 32200000
31, 31916000
31, 33387000
31, 32241000
31, 35635000
31, 32350000
31, 31969000
31, 36272000
31, 32023000
31, 32098000
31, 31972000
31, 32045000
31, 31924000
31, 32049000
31, 32081000
31, 32062000
31, 35545000
31, 32605000
31, 36075000
31, 35351000
31, 32973000
31, 31960000
31, 31958000
31, 31905000
31, 32405000
31, 31951000
31, 33595000
31, 32134000
31, 32133000
31, 31912000
31, 31970000
31, 32212000
31, 32018000
31, 32007000
31, 31949000
31, 31914000
31, 31954000
32, 31919000
32, 31920000
32, 32051000
32, 32024000
32, 31924000
32, 32069000
32, 31965000
32, 32046000
32, 31959000
32, 32016000
32, 31943000
32, 32120000
32, 31973000
32, 32848000
32, 33908000
32, 32045000
32, 32175000
32, 32061000
32, 31909000
32, 32020000
32, 33411000
32, 32071000
32, 32049000
32, 32027000
32, 31987000
32, 32241000
32, 32121000
32, 31997000
32, 31946000
32, 31916000
32, 31950000
32, 31993000
32, 31980000
32, 31933000
32, 32130000
32, 31952000
32, 31974000
32, 31908000
32, 31986000
32, 32016000
32, 31995000
32, 34132000
32, 31886000
32, 35222000
32, 37993000
32, 32171000
32, 31905000
32, 32666000
32, 31994000
32, 32096000
33, 32143000
33, 32043000
33, 31991000
33, 31997000
33, 31992000
33, 32074000
33, 32063000
33, 32003000
33, 32504000
33, 31880000
33, 31955000
33, 31887000
33, 31903000
33, 32070000
33, 32023000
33, 31992000
33, 31911000
33, 31923000
33, 31910000
33, 31983000
33, 32137000
33, 32033000
33, 32006000
33, 32084000
33, 31933000
33, 33482000
33, 32211000
33, 31910000
33, 31925000
33, 31989000
33, 31916000
33, 31883000
33, 33477000
33, 32139000
33, 31961000
33, 31918000
33, 31874000
33, 39100000
33, 32393000
33, 33177000
33, 31932000
33, 31996000
33, 31914000
33, 31978000
33, 31908000
33, 32063000
33, 31872000
33, 31894000
33, 31908000
33, 31895000
34, 31912000
34, 32293000
34, 32485000
34, 32028000
34, 35579000
34, 40646000
34, 36880000
34, 32012000
34, 31980000
34, 31894000
34, 32793000
34, 32117000
34, 32245000
34, 32271000
34, 32214000
34, 32080000
34, 31973000
34, 31995000
34, 32050000
34, 32127000
34, 32080000
34, 32005000
34, 31989000
34, 31988000
34, 31998000
34, 32107000
34, 32024000
34, 32000000
34, 31987000
34, 31986000
34, 32027000
34, 32029000
34, 33006000
34, 31891000
34, 31917000
34, 32298000
34, 31954000
34, 33737000
34, 33706000
34, 32055000
34, 32069000
34, 32001000
34, 32001000
34, 32140000
34, 32065000
34, 32046000
34, 32046000
34, 31993000
34, 31981000
34, 31985000
35, 32022000
35, 32075000
35, 32000000
35, 31992000
35, 31975000
35, 31986000
35, 32033000
35, 31999000
35, 31989000
35, 31999000
35, 32002000
35, 31992000
35, 31995000
35, 32497000
35, 32434000
35, 33080000
35, 31986000
35, 32209000
35, 32827000
35, 34372000
35, 31971000
35, 31944000
35, 31919000
35, 31927000
35, 33985000
35, 32192000
35, 32055000
35, 32123000
35, 31913000
35, 31914000
35, 35249000
35, 31946000
35, 31912000
35, 32351000
35, 31959000
35, 31913000
35, 31922000
35, 32026000
35, 36227000
35, 33409000
35, 32205000
35, 36644000
35, 32014000
35, 31942000
35, 32859000
35, 32119000
35, 32048000
35, 31989000
35, 32674000
35, 32940000
36, 31994000
36, 32026000
36, 32027000
36, 31980000
36, 31965000
36, 32158000
36, 33350000
36, 31939000
36, 31901000
36, 31858000
36, 31881000
36, 32077000
36, 31949000
36, 31940000
36, 36044000
36, 32240000
36, 32394000
36, 32167000
36, 31966000
36, 32088000
36, 31924000
36, 31941000
36, 31909000
36, 31915000
36, 32020000
36, 31968000
36, 31906000
36, 32025000
36, 31925000
36, 32485000
36, 33966000
36, 34509000
36, 32363000
36, 32360000
36, 34688000
36, 34476000
36, 33846000
36, 32136000
36, 32083000
36, 32072000
36, 32090000
36, 32012000
36, 32005000
36, 32039000
36, 31999000
36, 32007000
36, 32059000
36, 32000000
36, 31994000
36, 32022000
37, 32007000
37, 31990000
37, 32010000
37, 31985000
37, 32002000
37, 32050000
37, 32117000
37, 32282000
37, 34504000
37, 32063000
37, 32514000
37, 33846000
37, 32647000
37, 32028000
37, 32106000
37, 32026000
37, 32009000
37, 33425000
37, 32802000
37, 32041000
37, 32024000
37, 32099000
37, 32054000
37, 32043000
37, 32041000
37, 32064000
37, 32653000
37, 32184000
37, 32113000
37, 32017000
37, 32173000
37, 32078000
37, 32037000
37, 32051000
37, 32020000
37, 31999000
37, 32059000
37, 32084000
37, 32086000
37, 31992000
37, 32057000
37, 32116000
37, 32676000
37, 36142000
37, 32265000
37, 32032000
37, 31994000
37, 36130000
37, 34523000
37, 32161000
38, 32324000
38, 32017000
38, 32001000
38, 35335000
38, 32056000
38, 32156000
38, 32062000
38, 32048000
38, 32057000
38, 32333000
38, 32022000
38, 32168000
38, 32019000
38, 32084000
38, 32038000
38, 32019000
38, 32014000
38, 32079000
38, 32007000
38, 32100000
38, 36050000
38, 31998000
38, 34200000
38, 33001000
38, 32003000
38, 32286000
38, 32022000
38, 31991000
38, 34432000
38, 32239000
38, 32029000
38, 32042000
38, 32004000
38, 33873000
38, 32050000
38, 32580000
38, 32574000
38, 32104000
38, 32244000
38, 32146000
38, 32124000
38, 32334000
38, 32130000
38, 32012000
38, 32091000
38, 32074000
38, 32012000
38, 32057000
38, 32063000
38, 32175000
39, 32030000
39, 37200000
39, 35672000
39, 35103000
39, 33025000
39, 36194000
39, 32087000
39, 32034000
39, 32011000
39, 32189000
39, 32204000
39, 32946000
39, 31903000
39, 31885000
39, 32880000
39, 31991000
39, 32063000
39, 32324000
39, 32626000
39, 32109000
39, 32040000
39, 32087000
39, 32297000
39, 32262000
39, 32026000
39, 32073000
39, 31993000
39, 32014000
39, 32089000
39, 31997000
39, 32002000
39, 31982000
39, 32034000
39, 32417000
39, 34361000
39, 32236000
39, 32081000
39, 32019000
39, 32291000
39, 32047000
39, 33196000
39, 32387000
39, 32265000
39, 32024000
39, 32058000
39, 32351000
39, 32000000
39, 32072000
39, 32287000
39, 32019000
40, 32108000
40, 32020000
40, 32078000
40, 32197000
40, 32266000
40, 32013000
40, 32069000
40, 31994000
40, 32000000
40, 32016000
40, 32073000
40, 32080000
40, 34719000
40, 32106000
40, 34082000
40, 33533000
40, 32167000
40, 35659000
40, 31989000
40, 32034000
40, 32152000
40, 33746000
40, 32491000
40, 32234000
40, 32010000
40, 32027000
40, 35480000
40, 32772000
40, 32147000
40, 32103000
40, 32128000
40, 32063000
40, 32121000
40, 32031000
40, 35800000
40, 33013000
40, 32469000
40, 32692000
40, 32251000
40, 32147000
40, 32076000
40, 33816000
40, 33509000
40, 32024000
40, 32047000
40, 34860000
40, 32075000
40, 32064000
40, 32274000
40, 31983000
41, 32026000
41, 33690000
41, 32197000
41, 32078000
41, 32253000
41, 36128000
41, 32136000
41, 35982000
41, 31997000
41, 31996000
41, 32501000
41, 32096000
41, 32035000
41, 32137000
41, 31990000
41, 32185000
41, 32175000
41, 32216000
41, 31991000
41, 32072000
41, 32056000
41, 32048000
41, 35325000
41, 32018000
41, 31999000
41, 32046000
41, 32566000
41, 32039000
41, 32032000
41, 32092000
41, 31999000
41, 31985000
41, 33518000
41, 32432000
41, 32139000
41, 32022000
41, 35943000
41, 32093000
41, 32076000
41, 32191000
41, 31994000
41, 32170000
41, 32010000
41, 34944000
41, 32085000
41, 32142000
41, 32096000
41, 32091000
41, 32159000
41, 32075000
42, 32002000
42, 32103000
42, 32050000
42, 35412000
42, 32008000
42, 31995000
42, 32418000
42, 34696000
42, 35404000
42, 32404000
42, 32024000
42, 32136000
42, 32049000
42, 33283000
42, 32022000
42, 31999000
42, 31997000
42, 32003000
42, 31989000
42, 32016000
42, 31989000
42, 31965000
42, 32157000
42, 32025000
42, 32098000
42, 32020000
42, 32078000
42, 32053000
42, 31993000
42, 32142000
42, 31996000
42, 31970000
42, 32728000
42, 31857000
42, 31872000
42, 31856000
42, 31862000
42, 32005000
42, 32864000
42, 32071000
42, 32052000
42, 34371000
42, 32018000
42, 33145000
42, 32268000
42, 32244000
42, 32278000
42, 32013000
42, 31991000
42, 32020000
43, 36189000
43, 32355000
43, 32081000
43, 32342000
43, 32154000
43, 32029000
43, 32076000
43, 32169000
43, 32024000
43, 32029000
43, 32110000
43, 32017000
43, 32064000
43, 32079000
43, 32141000
43, 32011000
43, 32002000
43, 31996000
43, 33909000
43, 32147000
43, 32029000
43, 32151000
43, 32061000
43, 32088000
43, 33130000
43, 32236000
43, 32061000
43, 32321000
43, 32076000
43, 32012000
43, 32034000
43, 31992000
43, 32021000
43, 32024000
43, 32211000
43, 34646000
43, 32075000
43, 32220000
43, 32143000
43, 31999000
43, 32060000
43, 32162000
43, 32175000
43, 32699000
43, 32150000
43, 32072000
43, 31999000
43, 35444000
43, 39791000
43, 34422000
44, 32127000
44, 32268000
44, 31953000
44, 32663000
44, 32007000
44, 32409000
44, 32052000
44, 32008000
44, 33071000
44, 32004000
44, 31985000
44, 31997000
44, 32043000
44, 31983000
44, 31990000
44, 32139000
44, 32108000
44, 32170000
44, 32386000
44, 35050000
44, 32114000
44, 32118000
44, 31978000
44, 32012000
44, 32350000
44, 32411000
44, 32086000
44, 31997000
44, 36631000
44, 32043000
44, 36476000
44, 32023000
44, 31990000
44, 31981000
44, 32008000
44, 32246000
44, 32130000
44, 32131000
44, 32047000
44, 32064000
44, 31992000
44, 32078000
44, 31989000
44, 32054000
44, 31986000
44, 31967000
44, 32002000
44, 32070000
44, 32016000
44, 32000000
45, 32016000
45, 31988000
45, 31974000
45, 32002000
45, 31971000
45, 32008000
45, 32064000
45, 32060000
45, 32223000
45, 35574000
45, 32984000
45, 32984000
45, 32223000
45, 32001000
45, 32109000
45, 34901000
45, 32023000
45, 33630000
45, 32415000
45, 32169000
45, 32162000
45, 31988000
45, 32018000
45, 32197000
45, 32005000
45, 32010000
45, 32005000
45, 32726000
45, 32078000
45, 32017000
45, 32025000
45, 32530000
45, 32072000
45, 32295000
45, 32879000
45, 32078000
45, 32035000
45, 32245000
45, 33288000
45, 33966000
45, 32118000
45, 32440000
45, 33993000
45, 31995000
45, 32173000
45, 32057000
45, 32059000
45, 32022000
45, 33469000
45, 32021000
46, 32037000
46, 32018000
46, 31999000
46, 32007000
46, 32005000
46, 32108000
46, 32045000
46, 32023000
46, 31996000
46, 32512000
46, 32059000
46, 32027000
46, 32255000
46, 32078000
46, 32080000
46, 32037000
46, 32017000
46, 32006000
46, 35899000
46, 32162000
46, 31991000
46, 35227000
46, 33506000
46, 33894000
46, 32304000
46, 32030000
46, 31997000
46, 35419000
46, 32148000
46, 32043000
46, 32004000
46, 32033000
46, 32092000
46, 31986000
46, 31990000
46, 32135000
46, 32083000
46, 32002000
46, 32150000
46, 32130000
46, 32003000
46, 32145000
46, 32189000
46, 32264000
46, 32026000
46, 32373000
46, 32035000
46, 32010000
46, 32079000
46, 32048000
47, 32053000
47, 32016000
47, 32061000
47, 32922000
47, 33227000
47, 32002000
47, 32043000
47, 32023000
47, 32023000
47, 32003000
47, 33638000
47, 32329000
47, 33141000
47, 32044000
47, 32018000
47, 32012000
47, 36643000
47, 32291000
47, 32130000
47, 32001000
47, 32347000
47, 32066000
47, 32069000
47, 32204000
47, 32012000
47, 32003000
47, 32178000
47, 31976000
47, 32006000
47, 32117000
47, 32018000
47, 32052000
47, 32154000
47, 32059000
47, 33433000
47, 32052000
47, 32122000
47, 32021000
47, 31995000
47, 35302000
47, 33500000
47, 34064000
47, 32044000
47, 31994000
47, 31972000
47, 32137000
47, 32065000
47, 32016000
47, 36137000
47, 32160000
48, 32158000
48, 32164000
48, 32231000
48, 32243000
48, 32124000
48, 32176000
48, 32022000
48, 32039000
48, 32049000
48, 32051000
48, 32104000
48, 32009000
48, 31973000
48, 32087000
48, 32441000
48, 34113000
48, 32305000
48, 32794000
48, 32359000
48, 35349000
48, 32026000
48, 37507000
48, 32231000
48, 32177000
48, 32727000
48, 32002000
48, 31990000
48, 32038000
48, 32083000
48, 33187000
48, 32006000
48, 32405000
48, 32511000
48, 32999000
48, 32077000
48, 32113000
48, 32035000
48, 32069000
48, 32048000
48, 32065000
48, 32061000
48, 32131000
48, 32006000
48, 31989000
48, 38736000
48, 41058000
48, 32729000
48, 32125000
48, 32519000
48, 32921000
49, 32107000
49, 32057000
49, 32539000
49, 32014000
49, 33246000
49, 31867000
49, 31992000
49, 31864000
49, 31948000
49, 31934000
49, 31913000
49, 31906000
49, 32658000
49, 31999000
49, 32023000
49, 32047000
49, 31999000
49, 31994000
49, 31983000
49, 31977000
49, 31992000
49, 32057000
49, 32173000
49, 32092000
49, 32016000
49, 32044000
49, 32658000
49, 35176000
49, 34751000
49, 34543000
49, 34969000
49, 34643000
49, 35268000
49, 34954000
49, 32058000
49, 32203000
49, 32032000
49, 31993000
49, 31973000
49, 32101000
49, 32000000
49, 31976000
49, 31981000
49, 32016000
49, 32177000
49, 32038000
49, 31992000
49, 31991000
49, 32007000
49, 31999000
50, 31981000
50, 32079000
50, 31999000
50, 32079000
50, 31975000
50, 31990000
50, 32522000
50, 31973000
50, 32721000
50, 35421000
50, 32167000
50, 32036000
50, 31990000
50, 36927000
50, 32833000
50, 32224000
50, 32019000
50, 32008000
50, 32143000
50, 31993000
50, 32065000
50, 32024000
50, 32224000
50, 31958000
50, 32010000
50, 32288000
50, 32107000
50, 32141000
50, 32020000
50, 32180000
50, 32646000
50, 32338000
50, 32370000
50, 32075000
50, 32071000
50, 33255000
50, 34009000
50, 32063000
50, 34993000
50, 32328000
50, 32070000
50, 32367000
50, 31994000
50, 32037000
50, 33268000
50, 32176000
50, 32075000
50, 31998000
50, 32019000
50, 32056000
51, 32015000
51, 32100000
51, 32023000
51, 32049000
51, 31981000
51, 31999000
51, 33178000
51, 32196000
51, 32109000
51, 32062000
51, 32272000
51, 31995000
51, 32066000
51, 32021000
51, 32040000
51, 32036000
51, 35485000
51, 31990000
51, 33454000
51, 32155000
51, 32725000
51, 32230000
51, 32001000
51, 32058000
51, 32337000
51, 37536000
51, 32043000
51, 32076000
51, 32093000
51, 32338000
51, 32019000
51, 32019000
51, 36170000
51, 32081000
51, 32006000
51, 31980000
51, 32191000
51, 32060000
51, 32237000
51, 32007000
51, 32056000
51, 32110000
51, 32008000
51, 32021000
51, 32184000
51, 31998000
51, 32019000
51, 32054000
51, 32040000
51, 33874000
52, 32827000
52, 32182000
52, 32100000
52, 32142000
52, 32075000
52, 33270000
52, 32399000
52, 34630000
52, 32132000
52, 32174000
52, 31993000
52, 32020000
52, 32150000
52, 32391000
52, 36013000
52, 32023000
52, 31991000
52, 32037000
52, 32205000
52, 32152000
52, 32116000
52, 31994000
52, 32144000
52, 32038000
52, 32009000
52, 32153000
52, 32026000
52, 32088000
52, 32058000
52, 31988000
52, 33673000
52, 33837000
52, 32058000
52, 32179000
52, 32019000
52, 31991000
52, 32920000
52, 32033000
52, 31997000
52, 31998000
52, 32163000
52, 32034000
52, 32144000
52, 32011000
52, 32030000
52, 32050000
52, 32060000
52, 32017000
52, 32049000
52, 32091000
53, 32142000
53, 31999000
53, 32081000
53, 32123000
53, 32236000
53, 32218000
53, 32082000
53, 32035000
53, 31976000
53, 32308000
53, 32033000
53, 33976000
53, 32075000
53, 32147000
53, 32064000
53, 32007000
53, 40203000
53, 40708000
53, 34951000
53, 32659000
53, 32066000
53, 32030000
53, 32030000
53, 32036000
53, 32138000
53, 32031000
53, 32008000
53, 31991000
53, 31985000
53, 31992000
53, 31996000
53, 32122000
53, 31990000
53, 32410000
53, 33082000
53, 34766000
53, 32150000
53, 32035000
53, 32044000
53, 31998000
53, 34034000
53, 34770000
53, 32122000
53, 32037000
53, 32180000
53, 32001000
53, 32136000
53, 32322000
53, 32325000
53, 35012000
54, 31998000
54, 32292000
54, 32012000
54, 32092000
54, 31999000
54, 35894000
54, 32011000
54, 32005000
54, 31991000
54, 31980000
54, 32076000
54, 32087000
54, 32061000
54, 31989000
54, 31993000
54, 32016000
54, 32052000
54, 36982000
54, 32024000
54, 32012000
54, 32116000
54, 32006000
54, 33586000
54, 33292000
54, 32155000
54, 32211000
54, 32817000
54, 31991000
54, 32035000
54, 34632000
54, 32383000
54, 32112000
54, 32457000
54, 35815000
54, 32018000
54, 32052000
54, 35441000
54, 32052000
54, 32268000
54, 32063000
54, 32289000
54, 33099000
54, 33249000
54, 32066000
54, 32076000
54, 32001000
54, 32399000
54, 32256000
54, 32110000
54, 32039000
55, 32005000
55, 32029000
55, 32035000
55, 33328000
55, 32211000
55, 31999000
55, 32010000
55, 32023000
55, 32026000
55, 33242000
55, 32415000
55, 35103000
55, 32203000
55, 32051000
55, 31988000
55, 32111000
55, 32065000
55, 32047000
55, 32022000
55, 32036000
55, 32047000
55, 32095000
55, 32134000
55, 32142000
55, 32017000
55, 32066000
55, 32021000
55, 33599000
55, 32292000
55, 32131000
55, 32035000
55, 32079000
55, 35532000
55, 32053000
55, 34438000
55, 32162000
55, 32103000
55, 32167000
55, 32097000
55, 31982000
55, 33360000
55, 32310000
55, 32046000
55, 32233000
55, 32408000
55, 32027000
55, 32036000
55, 32039000
55, 34267000
55, 32025000
56, 32012000
56, 32566000
56, 35328000
56, 32378000
56, 32233000
56, 32110000
56, 36323000
56, 32044000
56, 32272000
56, 32174000
56, 32016000
56, 32005000
56, 32024000
56, 32000000
56, 32452000
56, 33149000
56, 31997000
56, 32059000
56, 32124000
56, 31989000
56, 32039000
56, 33565000
56, 32148000
56, 32078000
56, 33962000
56, 32023000
56, 32101000
56, 35585000
56, 32121000
56, 32040000
56, 32008000
56, 31984000
56, 32053000
56, 32068000
56, 32419000
56, 32027000
56, 32027000
56, 32054000
56, 32003000
56, 32069000
56, 32279000
56, 31992000
56, 32029000
56, 32055000
56, 31995000
56, 34103000
56, 32166000
56, 32008000
56, 32278000
56, 32231000
57, 32040000
57, 33157000
57, 32789000
57, 32042000
57, 32050000
57, 32023000
57, 32358000
57, 32001000
57, 34861000
57, 31983000
57, 32025000
57, 32026000
57, 32037000
57, 31979000
57, 32113000
57, 32260000
57, 31988000
57, 32027000
57, 32078000
57, 31982000
57, 32020000
57, 32138000
57, 32174000
57, 31998000
57, 32074000
57, 31986000
57, 33387000
57, 32295000
57, 32002000
57, 32266000
57, 32138000
57, 32026000
57, 32153000
57, 33501000
57, 32068000
57, 36103000
57, 32032000
57, 32168000
57, 32105000
57, 32154000
57, 32044000
57, 32028000
57, 32056000
57, 35198000
57, 37774000
57, 32406000
57, 35076000
57, 34468000
57, 32119000
57, 32137000
58, 32117000
58, 32056000
58, 32242000
58, 36085000
58, 31978000
58, 32030000
58, 32205000
58, 37639000
58, 32343000
58, 32349000
58, 32599000
58, 32180000
58, 32060000
58, 33789000
58, 32577000
58, 32086000
58, 31991000
58, 32357000
58, 32531000
58, 32078000
58, 32025000
58, 32149000
58, 32011000
58, 32006000
58, 31999000
58, 32006000
58, 32105000
58, 32461000
58, 32037000
58, 32049000
58, 31994000
58, 31993000
58, 32066000
58, 32090000
58, 32027000
58, 32197000
58, 43324000
58, 36353000
58, 32320000
58, 32159000
58, 35244000
58, 31976000
58, 32005000
58, 32150000
58, 32126000
58, 32055000
58, 32001000
58, 37473000
58, 32127000
58, 32557000
59, 32162000
59, 32006000
59, 32073000
59, 32045000
59, 32004000
59, 32031000
59, 32005000
59, 32006000
59, 32004000
59, 31998000
59, 31975000
59, 31995000
59, 32010000
59, 32071000
59, 32063000
59, 32057000
59, 32181000
59, 32017000
59, 33812000
59, 32852000
59, 32007000
59, 32177000
59, 32081000
59, 31988000
59, 34205000
59, 32570000
59, 32039000
59, 32330000
59, 32065000
59, 32107000
59, 34233000
59, 32211000
59, 32060000
59, 32046000
59, 32044000
59, 31991000
59, 31999000
59, 32004000
59, 32335000
59, 32024000
59, 32232000
59, 32006000
59, 31996000
59, 32983000
59, 35659000
59, 32109000
59, 32092000
59, 32111000
59, 32200000
59, 32630000
60, 32090000
60, 33907000
60, 32241000
60, 32073000
60, 31996000
60, 33374000
60, 32390000
60, 32043000
60, 32016000
60, 34746000
60, 32112000
60, 32048000
60, 32451000
60, 32740000
60, 32085000
60, 32041000
60, 32001000
60, 32028000
60, 32060000
60, 32631000
60, 32066000
60, 32034000
60, 32079000
60, 32623000
60, 32229000
60, 32070000
60, 32031000
60, 33300000
60, 34264000
60, 32029000
60, 41872000
60, 32262000
60, 32148000
60, 32006000
60, 32700000
60, 32117000
60, 33460000
60, 32691000
60, 32073000
60, 32164000
60, 32446000
60, 32000000
60, 32214000
60, 32172000
60, 37100000
60, 33446000
60, 32339000
60, 32026000
60, 32789000
60, 32367000
61, 32016000
61, 34903000
61, 31887000
61, 31902000
61, 31849000
61, 33009000
61, 32449000
61, 32745000
61, 31977000
61, 32459000
61, 32160000
61, 32051000
61, 33223000
61, 31905000
61, 31905000
61, 32797000
61, 33233000
61, 33576000
61, 32586000
61, 31887000
61, 31911000
61, 32135000
61, 31904000
61, 33258000
61, 33810000
61, 33065000
61, 35114000
61, 34204000
61, 32209000
61, 32257000
61, 34465000
61, 33030000
61, 32741000
61, 34678000
61, 34345000
61, 33095000
61, 33566000
61, 32223000
61, 31982000
61, 32878000
61, 34990000
61, 32193000
61, 32449000
61, 33264000
61, 33893000
61, 33718000
61, 33023000
61, 32986000
61, 32054000
61, 32004000
62, 32092000
62, 32106000
62, 32209000
62, 32031000
62, 32383000
62, 32148000
62, 32275000
62, 32127000
62, 32119000
62, 32336000
62, 32182000
62, 32083000
62, 32302000
62, 32048000
62, 32388000
62, 32437000
62, 32105000
62, 32046000
62, 32074000
62, 32327000
62, 32040000
62, 32518000
62, 32043000
62, 32126000
62, 32147000
62, 32428000
62, 32024000
62, 33055000
62, 32521000
62, 32062000
62, 32060000
62, 32058000
62, 32046000
62, 32113000
62, 32280000
62, 31993000
62, 32525000
62, 32237000
62, 32120000
62, 32177000
62, 32081000
62, 32249000
62, 32069000
62, 32058000
62, 32310000
62, 32044000
62, 32076000
62, 32135000
62, 32155000
62, 32112000
63, 32117000
63, 32116000
63, 33982000
63, 32339000
63, 32032000
63, 32154000
63, 32059000
63, 32150000
63, 32356000
63, 33426000
63, 32164000
63, 32148000
63, 32015000
63, 32183000
63, 32040000
63, 32036000
63, 32350000
63, 32087000
63, 32072000
63, 32196000
63, 32226000
63, 32138000
63, 32750000
63, 32044000
63, 32065000
63, 32097000
63, 32088000
63, 32086000
63, 32113000
63, 32059000
63, 32111000
63, 37410000
63, 36033000
63, 34502000
63, 33863000
63, 32564000
63, 32551000
63, 32125000
63, 32040000
63, 32785000
63, 31904000
63, 31874000
63, 33671000
63, 32312000
63, 33036000
63, 32055000
63, 32198000
63, 32371000
63, 32163000
63, 33303000
64, 32171000
64, 32419000
64, 32269000
64, 32178000
64, 32113000
64, 35885000
64, 32023000
64, 32066000
64, 32054000
64, 32055000
64, 32114000
64, 32010000
64, 32061000
64, 32022000
64, 34207000
64, 32151000
64, 32160000
64, 32103000
64, 32089000
64, 32156000
64, 33378000
64, 32265000
64, 32076000
64, 32012000
64, 32109000
64, 32032000
64, 32168000
64, 32033000
64, 32009000
64, 32080000
64, 32150000
64, 32012000
64, 32057000
64, 32289000
64, 32200000
64, 32032000
64, 32067000
64, 32010000
64, 32257000
64, 32028000
64, 32052000
64, 32081000
64, 32040000
64, 32119000
64, 32045000
64, 33091000
64, 32286000
64, 31987000
64, 32207000
64, 32002000
65, 32110000
65, 33496000
65, 32182000
65, 32037000
65, 32106000
65, 32042000
65, 32000000
65, 35946000
65, 32039000
65, 32000000
65, 32055000
65, 32186000
65, 32043000
65, 32030000
65, 32114000
65, 32371000
65, 32108000
65, 32623000
65, 32040000
65, 32189000
65, 33052000
65, 32060000
65, 32021000
65, 34564000
65, 34410000
65, 33680000
65, 35599000
65, 34786000
65, 34827000
65, 34934000
65, 34302000
65, 34383000
65, 34482000
65, 32230000
65, 32050000
65, 32075000
65, 32014000
65, 33937000
65, 32211000
65, 32029000
65, 32021000
65, 32813000
65, 31877000
65, 31854000
65, 32962000
65, 32209000
65, 32290000
65, 32860000
65, 32100000
65, 32028000
66, 32062000
66, 32354000
66, 32050000
66, 35252000
66, 32131000
66, 32286000
66, 34416000
66, 33317000
66, 32055000
66, 32032000
66, 32007000
66, 31999000
66, 32746000
66, 32022000
66, 32023000
66, 31992000
66, 31988000
66, 31970000
66, 31988000
66, 32044000
66, 32016000
66, 32033000
66, 32110000
66, 32060000
66, 32016000
66, 32263000
66, 32142000
66, 32255000
66, 32405000
66, 32022000
66, 32046000
66, 32049000
66, 32114000
66, 32148000
66, 32259000
66, 32038000
66, 32119000
66, 34373000
66, 39014000
66, 32513000
66, 32190000
66, 32405000
66, 32120000
66, 35770000
66, 32262000
66, 32069000
66, 32303000
66, 31998000
66, 32009000
66, 32023000
67, 32071000
67, 32027000
67, 32060000
67, 31998000
67, 31985000
67, 32001000
67, 32787000
67, 32050000
67, 32260000
67, 32381000
67, 32086000
67, 32221000
67, 32144000
67, 32002000
67, 32085000
67, 32002000
67, 32009000
67, 32833000
67, 33142000
67, 34280000
67, 32293000
67, 32026000
67, 35941000
67, 32043000
67, 33368000
67, 32192000
67, 32040000
67, 32161000
67, 35581000
67, 32016000
67, 32921000
67, 32043000
67, 34723000
67, 33716000
67, 32747000
67, 32043000
67, 32090000
67, 32111000
67, 32037000
67, 32055000
67, 32340000
67, 32098000
67, 32043000
67, 32090000
67, 32213000
67, 32046000
67, 32032000
67, 32095000
67, 34060000
67, 32241000
68, 31990000
68, 32021000
68, 32000000
68, 31998000
68, 33247000
68, 33363000
68, 32354000
68, 32122000
68, 32372000
68, 32010000
68, 32241000
68, 32567000
68, 32699000
68, 32417000
68, 42904000
68, 32401000
68, 32198000
68, 32135000
68, 32388000
68, 32040000
68, 32115000
68, 32051000
68, 32340000
68, 32076000
68, 32328000
68, 32055000
68, 31999000
68, 37315000
68, 36827000
68, 33781000
68, 32251000
68, 32238000
68, 32336000
68, 32618000
68, 32708000
68, 32298000
68, 32058000
68, 32021000
68, 32056000
68, 32288000
68, 32015000
68, 32023000
68, 35068000
68, 32052000
68, 32126000
68, 32428000
68, 32111000
68, 32010000
68, 32182000
68, 32018000
69, 32353000
69, 32026000
69, 32079000
69, 32398000
69, 32119000
69, 32086000
69, 32034000
69, 36714000
69, 32584000
69, 33926000
69, 32775000
69, 32132000
69, 32126000
69, 32038000
69, 32619000
69, 33309000
69, 32347000
69, 32089000
69, 32152000
69, 32166000
69, 32073000
69, 32085000
69, 32509000
69, 32033000
69, 32247000
69, 32082000
69, 32070000
69, 32042000
69, 32093000
69, 32141000
69, 32045000
69, 32039000
69, 32121000
69, 32431000
69, 32103000
69, 32479000
69, 32052000
69, 32062000
69, 32052000
69, 32032000
69, 32930000
69, 34402000
69, 36181000
69, 35204000
69, 34856000
69, 35097000
69, 36689000
69, 34231000
69, 32590000
69, 32107000
70, 32106000
70, 32096000
70, 32096000
70, 32068000
70, 31989000
70, 32032000
70, 31993000
70, 32011000
70, 32023000
70, 32126000
70, 32099000
70, 32117000
70, 32167000
70, 32083000
70, 32918000
70, 33393000
70, 32278000
70, 32112000
70, 32022000
70, 32065000
70, 32371000
70, 32522000
70, 32101000
70, 32004000
70, 32032000
70, 32001000
70, 32018000
70, 32645000
70, 32052000
70, 32110000
70, 32094000
70, 32138000
70, 32142000
70, 32225000
70, 32163000
70, 32085000
70, 32120000
70, 32098000
70, 32033000
70, 32070000
70, 32179000
70, 32140000
70, 32024000
70, 32091000
70, 32045000
70, 32130000
70, 32603000
70, 32205000
70, 32248000
70, 32107000
71, 32112000
71, 32190000
71, 32752000
71, 32383000
71, 32054000
71, 32065000
71, 32277000
71, 32053000
71, 33581000
71, 32272000
71, 32103000
71, 32033000
71, 32082000
71, 32036000
71, 32416000
71, 32940000
71, 32145000
71, 32049000
71, 32470000
71, 32167000
71, 32090000
71, 32112000
71, 32607000
71, 32066000
71, 32045000
71, 32068000
71, 32409000
71, 33399000
71, 32215000
71, 32276000
71, 32819000
71, 32142000
71, 32335000
71, 33951000
71, 32127000
71, 32646000
71, 32069000
71, 32696000
71, 32162000
71, 33390000
71, 32619000
71, 32110000
71, 32038000
71, 32062000
71, 32085000
71, 32121000
71, 32257000
71, 32153000
71, 32047000
71, 32062000
72, 32129000
72, 32021000
72, 32199000
72, 32073000
72, 32045000
72, 32098000
72, 32099000
72, 32348000
72, 32913000
72, 32083000
72, 32092000
72, 32359000
72, 32114000
72, 32515000
72, 34234000
72, 34235000
72, 32213000
72, 32054000
72, 32416000
72, 32103000
72, 33426000
72, 32418000
72, 32141000
72, 32014000
72, 32060000
72, 32151000
72, 32053000
72, 32056000
72, 32256000
72, 32066000
72, 32041000
72, 32213000
72, 32245000
72, 32181000
72, 32077000
72, 32074000
72, 32132000
72, 32037000
72, 32103000
72, 32299000
72, 32061000
72, 32073000
72, 32216000
72, 32083000
72, 33402000
72, 33241000
72, 32026000
72, 32060000
72, 32051000
72, 32067000
73, 32599000
73, 33550000
73, 32226000
73, 32146000
73, 32066000
73, 32018000
73, 32039000
73, 32035000
73, 32041000
73, 32123000
73, 32239000
73, 32698000
73, 32046000
73, 32258000
73, 32690000
73, 32408000
73, 32072000
73, 32250000
73, 32048000
73, 32045000
73, 32201000
73, 32040000
73, 32071000
73, 32079000
73, 38933000
73, 35573000
73, 32279000
73, 32045000
73, 32992000
73, 31871000
73, 31864000
73, 32201000
73, 32112000
73, 32025000
73, 32012000
73, 33071000
73, 32080000
73, 32010000
73, 32915000
73, 31896000
73, 31993000
73, 32762000
73, 32051000
73, 31993000
73, 32393000
73, 32507000
73, 32038000
73, 31957000
73, 32098000
73, 31945000
74, 32023000
74, 32052000
74, 32118000
74, 33221000
74, 32098000
74, 32410000
74, 34165000
74, 32121000
74, 32374000
74, 31954000
74, 31956000
74, 31958000
74, 33337000
74, 32981000
74, 32368000
74, 32175000
74, 31974000
74, 32037000
74, 31968000
74, 32917000
74, 31938000
74, 31966000
74, 32013000
74, 35261000
74, 32053000
74, 31989000
74, 32000000
74, 32319000
74, 31938000
74, 32169000
74, 31964000
74, 32009000
74, 31954000
74, 32123000
74, 31973000
74, 31945000
74, 31998000
74, 32762000
74, 32296000
74, 32281000
74, 31989000
74, 31914000
74, 31908000
74, 33601000
74, 32374000
74, 32125000
74, 32068000
74, 31914000
74, 31966000
74, 31982000
75, 31971000
75, 31906000
75, 32000000
75, 31924000
75, 32001000
75, 32152000
75, 32149000
75, 32068000
75, 32121000
75, 32065000
75, 31933000
75, 31911000
75, 32085000
75, 32743000
75, 32032000
75, 32819000
75, 32036000
75, 34126000
75, 34082000
75, 32948000
75, 32050000
75, 32077000
75, 32004000
75, 31985000
75, 32085000
75, 32078000
75, 32004000
75, 31999000
75, 31991000
75, 32001000
75, 31990000
75, 32757000
75, 31881000
75, 31876000
75, 31960000
75, 31937000
75, 32389000
75, 32784000
75, 32044000
75, 31929000
75, 31992000
75, 31922000
75, 32013000
75, 31966000
75, 31976000
75, 31936000
75, 32019000
75, 32247000
75, 31911000
75, 32376000
76, 32012000
76, 32040000
76, 32039000
76, 32357000
76, 31907000
76, 32561000
76, 33479000
76, 32106000
76, 32043000
76, 31945000
76, 31940000
76, 31935000
76, 31944000
76, 31937000
76, 31964000
76, 31996000
76, 31988000
76, 31953000
76, 32049000
76, 32314000
76, 31945000
76, 31915000
76, 31995000
76, 31989000
76, 32003000
76, 32053000
76, 31936000
76, 31957000
76, 32261000
76, 32077000
76, 33135000
76, 32473000
76, 31932000
76, 32145000
76, 32360000
76, 32143000
76, 32039000
76, 33532000
76, 32178000
76, 32034000
76, 31929000
76, 31971000
76, 31925000
76, 32048000
76, 32011000
76, 31921000
76, 31934000
76, 31903000
76, 31995000
76, 31972000
77, 32242000
77, 32038000
77, 31934000
77, 32226000
77, 32194000
77, 31933000
77, 32035000
77, 31976000
77, 31928000
77, 31963000
77, 32371000
77, 33945000
77, 32068000
77, 31902000
77, 31914000
77, 32761000
77, 32092000
77, 32040000
77, 32172000
77, 32210000
77, 32003000
77, 32004000
77, 32010000
77, 31984000
77, 32024000
77, 32980000
77, 31984000
77, 31949000
77, 31962000
77, 31959000
77, 31979000
77, 33296000
77, 32343000
77, 31958000
77, 31921000
77, 31927000
77, 32009000
77, 32253000
77, 31921000
77, 32055000
77, 32232000
77, 32104000
77, 32254000
77, 33496000
77, 31891000
77, 31948000
77, 32071000
77, 32084000
77, 32079000
77, 33513000
78, 32485000
78, 32020000
78, 32040000
78, 31925000
78, 32016000
78, 31956000
78, 31976000
78, 31915000
78, 31983000
78, 31948000
78, 31951000
78, 31947000
78, 32105000
78, 32099000
78, 32240000
78, 31966000
78, 31939000
78, 31925000
78, 32044000
78, 32020000
78, 31994000
78, 32075000
78, 37768000
78, 37775000
78, 34645000
78, 32029000
78, 32099000
78, 32032000
78, 31999000
78, 32049000
78, 32391000
78, 32005000
78, 31999000
78, 32709000
78, 32297000
78, 32664000
78, 32904000
78, 31882000
78, 31909000
78, 32285000
78, 31938000
78, 31980000
78, 31998000
78, 32190000
78, 32230000
78, 31950000
78, 32095000
78, 31943000
78, 32022000
78, 32114000
79, 31917000
79, 31950000
79, 32544000
79, 32507000
79, 33292000
79, 32471000
79, 32224000
79, 32117000
79, 31927000
79, 32108000
79, 32443000
79, 33528000
79, 32449000
79, 32019000
79, 31913000
79, 31965000
79, 32450000
79, 32698000
79, 31925000
79, 31951000
79, 31961000
79, 32062000
79, 31907000
79, 31934000
79, 32068000
79, 32586000
79, 32011000
79, 31971000
79, 32069000
79, 31953000
79, 31972000
79, 32073000
79, 31929000
79, 32005000
79, 31979000
79, 32853000
79, 32082000
79, 31957000
79, 31899000
79, 31935000
79, 32069000
79, 31969000
79, 33646000
79, 32253000
79, 32144000
79, 32009000
79, 31934000
79, 31958000
79, 31974000
79, 31905000
80, 31935000
80, 31979000
80, 32025000
80, 31930000
80, 32041000
80, 32246000
80, 31935000
80, 32240000
80, 32002000
80, 31929000
80, 32072000
80, 32785000
80, 31980000
80, 31958000
80, 31991000
80, 34546000
80, 36220000
80, 32917000
80, 32002000
80, 31995000
80, 32006000
80, 31989000
80, 32015000
80, 32211000
80, 32072000
80, 32153000
80, 32032000
80, 31993000
80, 32007000
80, 32424000
80, 32015000
80, 32143000
80, 31941000
80, 31996000
80, 32347000
80, 32007000
80, 32065000
80, 31898000
80, 32519000
80, 32372000
80, 32021000
80, 32040000
80, 32073000
80, 32079000
80, 32183000
80, 31965000
80, 32827000
80, 32409000
80, 32130000
80, 31990000
81, 31946000
81, 31990000
81, 31970000
81, 32014000
81, 33516000
81, 32157000
81, 31983000
81, 32155000
81, 31958000
81, 31979000
81, 31977000
81, 31980000
81, 31954000
81, 31927000
81, 31959000
81, 35056000
81, 31920000
81, 32102000
81, 31960000
81, 32004000
81, 31980000
81, 32141000
81, 31937000
81, 32230000
81, 31921000
81, 31995000
81, 32305000
81, 32299000
81, 32838000
81, 34126000
81, 32747000
81, 32078000
81, 32033000
81, 32015000
81, 32005000
81, 32367000
81, 32021000
81, 32028000
81, 32003000
81, 32073000
81, 31995000
81, 31998000
81, 32454000
81, 32350000
81, 31902000
81, 31910000
81, 32418000
81, 31955000
81, 32100000
81, 32056000
82, 31981000
82, 31982000
82, 31953000
82, 32008000
82, 31974000
82, 32110000
82, 31977000
82, 31936000
82, 32009000
82, 32243000
82, 31955000
82, 31998000
82, 31933000
82, 31941000
82, 31919000
82, 31956000
82, 33715000
82, 32151000
82, 32110000
82, 32026000
82, 32052000
82, 31969000
82, 31924000
82, 31935000
82, 31939000
82, 31935000
82, 31951000
82, 31954000
82, 32128000
82, 32016000
82, 32171000
82, 31929000
82, 32058000
82, 31936000
82, 31988000
82, 32038000
82, 31984000
82, 32051000
82, 32024000
82, 31910000
82, 32524000
82, 33788000
82, 31907000
82, 31989000
82, 31957000
82, 31916000
82, 31965000
82, 33516000
82, 32511000
82, 32022000
83, 32040000
83, 31934000
83, 32011000
83, 32065000
83, 32403000
83, 31924000
83, 31969000
83, 31994000
83, 31909000
83, 32254000
83, 31950000
83, 32022000
83, 31931000
83, 32037000
83, 31974000
83, 31930000
83, 31966000
83, 31980000
83, 32199000
83, 32093000
83, 68353000
83, 34663000
83, 32023000
83, 32091000
83, 32025000
83, 32018000
83, 31992000
83, 32742000
83, 32067000
83, 31997000
83, 32003000
83, 32962000
83, 32512000
83, 31966000
83, 32600000
83, 32099000
83, 31966000
83, 31963000
83, 31984000
83, 32043000
83, 32120000
83, 32340000
83, 31960000
83, 31982000
83, 32462000
83, 31927000
83, 31969000
83, 31995000
83, 31974000
83, 32384000
84, 32159000
84, 31959000
84, 33884000
84, 32058000
84, 32267000
84, 31930000
84, 31989000
84, 31956000
84, 33442000
84, 33464000
84, 32171000
84, 31990000
84, 32164000
84, 32056000
84, 31950000
84, 32105000
84, 31916000
84, 32013000
84, 32081000
84, 31906000
84, 31947000
84, 31944000
84, 32155000
84, 31992000
84, 31958000
84, 32077000
84, 31932000
84, 31935000
84, 31966000
84, 31964000
84, 31925000
84, 32083000
84, 32207000
84, 32864000
84, 32076000
84, 32091000
84, 31953000
84, 32205000
84, 31951000
84, 33626000
84, 32162000
84, 32042000
84, 32204000
84, 31903000
84, 31989000
84, 31960000
84, 31942000
84, 32052000
84, 31935000
84, 31942000
85, 31981000
85, 32059000
85, 31992000
85, 32009000
85, 31921000
85, 31923000
85, 32051000
85, 31947000
85, 32068000
85, 32690000
85, 31996000
85, 31987000
85, 31944000
85, 34511000
85, 36627000
85, 33858000
85, 32076000
85, 32494000
85, 32497000
85, 32045000
85, 32861000
85, 32380000
85, 32018000
85, 32171000
85, 32007000
85, 31996000
85, 32003000
85, 32554000
85, 31910000
85, 32018000
85, 31993000
85, 31920000
85, 32012000
85, 31949000
85, 32005000
85, 32627000
85, 31913000
85, 32033000
85, 31958000
85, 32972000
85, 32096000
85, 32001000
85, 32013000
85, 31926000
85, 32554000
85, 33194000
85, 31974000
85, 31955000
85, 31977000
85, 31997000
86, 31912000
86, 31957000
86, 33703000
86, 32064000
86, 32137000
86, 32319000
86, 32076000
86, 31969000
86, 32034000
86, 31953000
86, 31988000
86, 32087000
86, 31954000
86, 31943000
86, 31962000
86, 32001000
86, 31997000
86, 31929000
86, 32037000
86, 32057000
86, 31976000
86, 31942000
86, 32088000
86, 32149000
86, 31901000
86, 31913000
86, 34969000
86, 32932000
86, 31896000
86, 32186000
86, 32236000
86, 31917000
86, 33457000
86, 32182000
86, 32098000
86, 31962000
86, 31967000
86, 32186000
86, 31934000
86, 31995000
86, 31944000
86, 32327000
86, 31983000
86, 32246000
86, 31956000
86, 32134000
86, 32091000
86, 31979000
86, 36307000
86, 32843000
87, 32237000
87, 32968000
87, 32286000
87, 32106000
87, 32027000
87, 31984000
87, 32155000
87, 33110000
87, 31994000
87, 32025000
87, 32115000
87, 31955000
87, 31935000
87, 33681000
87, 32413000
87, 32174000
87, 32009000
87, 31916000
87, 31995000
87, 32091000
87, 31945000
87, 31956000
87, 31960000
87, 32016000
87, 31995000
87, 33477000
87, 32044000
87, 32036000
87, 31946000
87, 31943000
87, 32358000
87, 32336000
87, 32334000
87, 32269000
87, 32767000
87, 32455000
87, 32035000
87, 32204000
87, 33659000
87, 32273000
87, 31947000
87, 32354000
87, 31906000
87, 31967000
87, 33361000
87, 32110000
87, 32202000
87, 31972000
87, 31943000
87, 31992000
88, 32152000
88, 31957000
88, 31902000
88, 32029000
88, 31927000
88, 31986000
88, 35495000
88, 32653000
88, 31981000
88, 32012000
88, 31922000
88, 31937000
88, 31960000
88, 32024000
88, 31938000
88, 31953000
88, 32175000
88, 31925000
88, 40468000
88, 35018000
88, 32097000
88, 32028000
88, 32374000
88, 32024000
88, 32203000
88, 32183000
88, 32033000
88, 32022000
88, 31992000
88, 32717000
88, 32222000
88, 32035000
88, 31918000
88, 31926000
88, 31948000
88, 31989000
88, 31965000
88, 32111000
88, 33287000
88, 35148000
88, 34784000
88, 34749000
88, 34471000
88, 34287000
88, 34301000
88, 32006000
88, 31977000
88, 32538000
88, 32156000
88, 33071000
89, 33865000
89, 32076000
89, 32066000
89, 32039000
89, 32024000
89, 32124000
89, 32065000
89, 32010000
89, 31996000
89, 31988000
89, 32119000
89, 32020000
89, 32089000
89, 32063000
89, 31943000
89, 32096000
89, 32148000
89, 32060000
89, 31979000
89, 32198000
89, 31916000
89, 31898000
89, 31972000
89, 31943000
89, 31908000
89, 32024000
89, 31916000
89, 32220000
89, 32045000
89, 32065000
89, 32706000
89, 33124000
89, 32754000
89, 31936000
89, 32017000
89, 32050000
89, 33491000
89, 32504000
89, 31929000
89, 32796000
89, 31990000
89, 31993000
89, 31987000
89, 32022000
89, 31974000
89, 32029000
89, 32724000
89, 31890000
89, 31894000
89, 31965000
90, 32141000
90, 32037000
90, 31932000
90, 32018000
90, 32208000
90, 32027000
90, 32758000
90, 32008000
90, 31926000
90, 32050000
90, 33897000
90, 35680000
90, 32897000
90, 32598000
90, 32005000
90, 32010000
90, 32003000
90, 32184000
90, 32801000
90, 31876000
90, 31903000
90, 31847000
90, 31886000
90, 32476000
90, 32706000
90, 31916000
90, 31977000
90, 32061000
90, 31905000
90, 32062000
90, 31938000
90, 32040000
90, 31932000
90, 32137000
90, 31926000
90, 32053000
90, 31911000
90, 31997000
90, 31949000
90, 31960000
90, 32753000
90, 31961000
90, 32494000
90, 32143000
90, 32140000
90, 32030000
90, 31993000
90, 31949000
90, 32935000
90, 32920000
91, 32017000
91, 32010000
91, 31916000
91, 31934000
91, 32305000
91, 32034000
91, 31931000
91, 31965000
91, 31961000
91, 31962000
91, 31901000
91, 32009000
91, 32066000
91, 31909000
91, 32022000
91, 32157000
91, 31905000
91, 31946000
91, 32218000
91, 31939000
91, 31966000
91, 32039000
91, 31947000
91, 33237000
91, 32876000
91, 32716000
91, 33482000
91, 31921000
91, 31998000
91, 31991000
91, 33825000
91, 32479000
91, 31985000
91, 32005000
91, 31915000
91, 31934000
91, 31968000
91, 31918000
91, 32040000
91, 32193000
91, 32247000
91, 31928000
91, 32049000
91, 32140000
91, 31959000
91, 32604000
91, 32084000
91, 32053000
91, 31920000
91, 31990000
92, 32003000
92, 32144000
92, 32236000
92, 31965000
92, 32689000
92, 32000000
92, 31927000
92, 32207000
92, 32099000
92, 31902000
92, 31942000
92, 33519000
92, 32762000
92, 32915000
92, 34619000
92, 34044000
92, 32407000
92, 32230000
92, 33183000
92, 31874000
92, 31929000
92, 32379000
92, 32030000
92, 32013000
92, 32060000
92, 32000000
92, 31992000
92, 32004000
92, 32004000
92, 32001000
92, 32843000
92, 32158000
92, 31939000
92, 31916000
92, 31984000
92, 32871000
92, 34209000
92, 35419000
92, 32292000
92, 32036000
92, 32000000
92, 33378000
92, 32109000
92, 31928000
92, 32644000
92, 32018000
92, 31975000
92, 31973000
92, 32024000
92, 32006000
93, 32003000
93, 32151000
93, 31987000
93, 32148000
93, 33156000
93, 31986000
93, 31985000
93, 32237000
93, 31995000
93, 35052000
93, 32018000
93, 32186000
93, 32877000
93, 31983000
93, 32015000
93, 39834000
93, 36229000
93, 31975000
93, 32906000
93, 32593000
93, 31964000
93, 31919000
93, 32088000
93, 32069000
93, 32025000
93, 31996000
93, 32018000
93, 33160000
93, 32032000
93, 32846000
93, 31878000
93, 31955000
93, 31893000
93, 32188000
93, 32338000
93, 32411000
93, 31986000
93, 32040000
93, 31916000
93, 31937000
93, 31957000
93, 31968000
93, 32079000
93, 31998000
93, 32348000
93, 31913000
93, 31982000
93, 33799000
93, 31891000
93, 31986000
94, 32187000
94, 32311000
94, 32121000
94, 33563000
94, 32418000
94, 32050000
94, 32172000
94, 32779000
94, 32171000
94, 32126000
94, 31915000
94, 31943000
94, 31918000
94, 32038000
94, 31977000
94, 33834000
94, 32141000
94, 32040000
94, 31948000
94, 31995000
94, 31963000
94, 31931000
94, 31990000
94, 31912000
94, 31949000
94, 32186000
94, 32022000
94, 31906000
94, 33315000
94, 31993000
94, 31946000
94, 32047000
94, 32031000
94, 32398000
94, 33808000
94, 32636000
94, 32246000
94, 31956000
94, 31934000
94, 31947000
94, 31977000
94, 32111000
94, 31914000
94, 31951000
94, 31986000
94, 31914000
94, 31939000
94, 34448000
94, 32313000
94, 31969000
95, 31966000
95, 31943000
95, 31998000
95, 31965000
95, 32731000
95, 32111000
95, 31928000
95, 32107000
95, 34199000
95, 36081000
95, 32681000
95, 32038000
95, 32020000
95, 32010000
95, 32057000
95, 32309000
95, 32584000
95, 32408000
95, 32031000
95, 32000000
95, 31978000
95, 32002000
95, 32968000
95, 31902000
95, 31924000
95, 31880000
95, 31944000
95, 31985000
95, 32173000
95, 32243000
95, 31947000
95, 31999000
95, 32050000
95, 31926000
95, 31954000
95, 31968000
95, 31930000
95, 31912000
95, 31976000
95, 31993000
95, 32968000
95, 32066000
95, 33849000
95, 32139000
95, 32083000
95, 32123000
95, 33482000
95, 32527000
95, 32001000
95, 32006000
96, 31983000
96, 32046000
96, 32010000
96, 32079000
96, 32016000
96, 31997000
96, 31988000
96, 32018000
96, 31994000
96, 32860000
96, 31948000
96, 32249000
96, 31930000
96, 31929000
96, 32062000
96, 31936000
96, 32003000
96, 32026000
96, 32056000
96, 31925000
96, 32474000
96, 33892000
96, 32068000
96, 31973000
96, 31983000
96, 32166000
96, 31919000
96, 33335000
96, 32406000
96, 32065000
96, 32090000
96, 31892000
96, 32049000
96, 31980000
96, 31957000
96, 31911000
96, 32073000
96, 31917000
96, 31994000
96, 32199000
96, 32006000
96, 32351000
96, 32128000
96, 31942000
96, 32021000
96, 31953000
96, 31983000
96, 31942000
96, 31932000
96, 31991000
97, 31928000
97, 31932000
97, 32740000
97, 31935000
97, 31930000
97, 31932000
97, 32142000
97, 31907000
97, 34126000
97, 32167000
97, 32010000
97, 31945000
97, 31945000
97, 31919000
97, 31911000
97, 32075000
97, 31896000
97, 31927000
97, 32154000
97, 31929000
97, 31934000
97, 31960000
97, 32438000
97, 31956000
97, 32095000
97, 31983000
97, 31940000
97, 32185000
97, 31993000
97, 32297000
97, 31910000
97, 31935000
97, 31920000
97, 33682000
97, 32385000
97, 31922000
97, 32010000
97, 31965000
97, 31964000
97, 33300000
97, 32479000
97, 32033000
97, 32047000
97, 31921000
97, 31945000
97, 31933000
97, 32078000
97, 31946000
97, 32154000
97, 31979000
98, 32101000
98, 31925000
98, 31964000
98, 32010000
98, 31921000
98, 32982000
98, 32061000
98, 32038000
98, 31953000
98, 31981000
98, 31948000
98, 31927000
98, 31915000
98, 38309000
98, 41144000
98, 32198000
98, 32018000
98, 32069000
98, 31976000
98, 31992000
98, 32124000
98, 32148000
98, 31973000
98, 31953000
98, 31983000
98, 33039000
98, 31924000
98, 33361000
98, 31896000
98, 31897000
98, 31997000
98, 32052000
98, 32151000
98, 32095000
98, 33202000
98, 32095000
98, 32031000
98, 32146000
98, 31999000
98, 31942000
98, 31946000
98, 31949000
98, 32403000
98, 31919000
98, 32008000
98, 34057000
98, 32052000
98, 32390000
98, 32062000
98, 31969000
99, 32206000
99, 34038000
99, 32890000
99, 32317000
99, 32004000
99, 31915000
99, 31947000
99, 32047000
99, 31998000
99, 32027000
99, 31968000
99, 31908000
99, 32426000
99, 32322000
99, 32145000
99, 32117000
99, 31925000
99, 31974000
99, 32045000
99, 32482000
99, 32394000
99, 32722000
99, 31957000
99, 31979000
99, 32194000
99, 31923000
99, 32592000
99, 31958000
99, 31931000
99, 31930000
99, 32011000
99, 32111000
99, 33622000
99, 32236000
99, 32143000
99, 31929000
99, 31944000
99, 31951000
99, 31988000
99, 31962000
99, 31904000
99, 32244000
99, 31944000
99, 32020000
99, 31962000
99, 32133000
99, 32157000
99, 31932000
99, 31963000
99, 31916000
100, 32061000
100, 31979000
100, 32742000
100, 32159000
100, 32017000
100, 32016000
100, 32011000
100, 37850000
100, 33079000
100, 31985000
100, 31919000
100, 33135000
100, 31988000
100, 32141000
100, 32079000
100, 31976000
100, 31968000
100, 31966000
100, 31964000
100, 31937000
100, 32962000
100, 31935000
100, 32180000
100, 31922000
100, 31947000
100, 31940000
100, 31944000
100, 32316000
100, 31962000
100, 31982000
100, 31997000
100, 31911000
100, 32189000
100, 31982000
100, 31964000
100, 31948000
100, 31940000
100, 31926000
100, 32677000
100, 31964000
100, 31990000
100, 31978000
100, 31896000
100, 32023000
100, 33367000
100, 32203000
100, 32191000
100, 31997000
100, 32858000
100, 31915000
